6	0	1	0	4	4	3	2	2	3
6	1	1	0	1	1	1	1	3	2
6	2	1	0	4	4	4	2	1	2
6	3	1	0	3	3	3	2	2	3
6	4	1	0	4	4	4	3	2	4
6	5	1	0	4	4	4	3	2	3
6	6	1	0	3	3	4	2	1	2
6	9	1	0	4	4	4	1	1	4
13	0	1	0	4	4	4	2	2	3
13	1	1	1	4	2	2	3	3	2
13	2	1	0	4	4	3	1	2	3
13	3	1	1	4	4	4	2	2	4
13	4	1	0	4	4	2	3	4	9
13	5	1	1	4	4	4	3	3	3
13	6	1	0	4	4	4	2	1	3
13	7	1	1	4	4	4	3	4	3
13	8	1	0	4	1	3	2	2	2
13	9	1	1	4	4	4	3	1	4
38	0	1	0	4	4	4	4	2	1
38	1	1	0	2	2	3	3	2	2
38	2	1	0	4	4	4	3	3	2
38	3	1	0	4	4	4	2	2	4
38	4	1	0	4	4	4	1	1	2
38	5	1	0	4	2	3	1	1	3
38	6	1	0	4	3	3	2	2	3
38	7	1	0	4	1	2	4	4	3
38	8	1	0	4	4	2	2	1	9
38	9	1	0	4	4	4	2	2	3
43	0	1	0	1	2	2	1	1	2
43	1	1	0	1	4	2	3	3	2
43	2	1	0	4	4	4	2	2	3
43	3	1	0	4	4	4	1	1	1
43	4	1	0	4	4	3	1	1	2
43	5	1	0	4	4	3	1	1	2
43	6	1	0	2	2	4	1	1	1
43	7	1	0	3	3	4	1	1	2
43	8	1	0	4	4	4	3	1	4
43	9	1	0	4	4	3	1	1	1
80	0	1	1	3	3	3	2	2	3
80	1	1	0	4	4	4	2	2	2
80	2	1	0	4	4	4	3	2	2
80	4	1	0	4	4	4	2	3	3
80	5	1	1	4	3	3	2	2	1
80	6	1	0	2	4	4	1	1	3
80	7	1	0	1	4	3	1	2	3
80	8	1	1	4	4	4	1	2	1
80	9	1	0	4	4	4	4	4	1
83	0	1	0	2	2	3	2	1	2
83	1	1	0	2	1	2	1	1	1
83	2	1	0	4	4	4	1	1	3
83	3	1	0	1	3	2	1	1	2
83	4	1	0	4	4	4	2	1	2
83	5	1	0	3	2	3	2	2	2
83	6	1	0	2	2	2	2	2	2
83	7	1	0	4	4	4	3	3	4
83	8	1	0	4	3	3	3	3	3
83	9	1	0	4	2	3	2	2	2
84	0	1	0	2	2	2	1	1	1
84	1	1	1	4	3	4	2	2	2
84	2	1	0	1	2	3	1	1	1
84	3	1	1	3	2	1	1	1	1
84	4	1	0	4	4	4	4	3	3
84	5	1	1	1	2	2	1	1	2
84	6	1	0	3	4	3	3	1	2
84	7	1	1	4	4	4	2	2	3
84	8	1	0	4	2	3	2	1	3
84	9	1	1	4	4	4	4	9	9
99	0	1	0	4	4	4	3	2	3
99	1	1	0	4	4	4	9	9	9
99	2	1	1	1	1	2	2	1	1
99	4	1	0	4	4	4	4	9	9
99	5	1	0	4	4	4	2	2	3
99	6	1	0	1	1	1	2	2	2
99	7	1	0	4	4	4	4	9	9
99	8	1	1	3	1	4	2	1	2
99	9	1	0	4	4	3	4	3	3
118	0	1	0	4	1	2	1	1	1
118	1	1	0	4	3	3	1	1	3
118	2	1	1	1	1	1	3	1	1
118	4	1	0	1	2	3	2	2	2
118	5	1	1	1	1	1	2	1	1
118	6	1	0	1	1	1	1	1	1
118	7	1	0	1	1	1	1	1	1
118	8	1	1	1	1	2	3	3	3
118	9	1	0	2	2	2	1	1	2
142	0	1	0	2	2	3	1	1	2
142	1	1	0	4	4	3	2	2	4
142	2	1	0	3	1	3	3	2	2
142	3	1	1	1	1	1	1	1	1
142	4	1	0	2	2	3	2	1	2
142	5	1	0	3	2	1	2	1	4
142	6	1	0	4	4	4	1	1	4
142	7	1	0	3	3	3	2	2	3
142	8	1	0	1	2	1	1	1	1
142	9	1	0	1	1	1	1	1	9
151	0	1	0	4	4	4	4	9	9
151	1	1	0	4	4	4	3	9	9
151	2	1	0	4	4	4	1	1	1
151	3	1	0	4	4	2	2	3	4
151	4	1	0	4	4	4	3	9	9
151	5	1	0	4	4	4	4	9	9
151	6	1	0	4	4	4	3	2	1
151	7	1	0	4	4	4	2	1	9
151	8	1	0	4	4	4	2	2	3
396	0	1	1	4	4	4	4	9	9
396	1	1	0	3	4	4	1	1	1
396	2	1	1	2	2	2	1	1	1
396	3	1	0	4	4	3	1	1	2
396	4	1	1	1	2	2	1	1	2
396	5	1	0	3	2	2	1	1	2
396	6	1	1	4	4	4	3	4	4
396	7	1	0	3	2	2	3	2	2
396	8	1	1	4	4	4	1	1	3
396	9	1	0	4	4	1	3	2	2
503	0	1	0	3	1	1	3	1	3
503	1	1	1	4	2	1	4	2	2
503	2	1	0	4	1	2	1	1	9
503	3	1	1	3	1	1	3	3	2
503	4	1	0	2	1	1	4	2	3
503	5	1	1	4	2	3	4	2	3
503	6	1	0	4	4	2	3	2	3
503	7	1	1	3	3	3	2	2	3
503	8	1	0	2	2	2	3	2	2
503	9	1	1	1	1	1	3	1	1
557	1	1	0	4	4	4	2	2	4
557	2	1	1	2	2	3	2	2	2
557	3	1	0	4	4	3	3	3	4
557	4	1	1	4	4	3	4	2	2
557	6	1	1	4	1	1	3	3	2
557	7	1	0	4	4	4	4	3	3
557	8	1	1	1	2	1	2	2	1
557	9	1	0	4	1	1	4	3	2
589	0	1	0	2	2	4	3	3	4
589	1	1	1	2	4	2	4	2	2
589	2	1	0	4	3	1	1	9	9
589	4	1	0	4	4	3	2	2	4
589	5	1	1	4	2	2	1	2	3
589	6	1	0	4	4	3	2	2	2
589	7	1	1	4	3	4	3	1	2
589	8	1	0	4	4	4	3	9	9
648	0	1	1	4	1	3	2	2	3
648	1	1	0	1	1	3	3	1	1
648	2	1	1	4	4	2	2	2	2
648	3	1	0	4	4	1	2	1	1
648	4	1	1	2	2	1	2	2	3
648	5	1	0	4	4	4	1	1	1
648	7	1	0	4	4	4	2	3	2
648	8	1	1	4	4	3	3	2	3
648	9	1	0	4	4	4	4	4	4
658	1	1	1	1	1	1	2	1	1
658	2	1	0	3	1	3	1	1	1
658	3	1	1	1	1	1	1	1	1
658	4	1	0	1	2	3	1	1	1
658	5	1	1	4	4	3	2	2	3
658	6	1	0	1	1	3	1	1	1
658	7	1	1	2	1	2	2	1	1
658	8	1	0	2	1	3	1	1	1
658	9	1	1	1	1	3	1	1	2
684	0	1	1	2	1	4	3	2	2
684	1	1	0	1	1	1	4	4	1
684	2	1	1	1	1	2	1	1	2
684	3	1	0	4	2	2	1	1	2
684	4	1	1	4	3	3	3	2	3
684	5	1	0	4	2	4	2	1	3
684	6	1	1	4	1	2	2	1	2
684	7	1	0	1	1	2	2	1	2
684	8	1	1	4	2	3	2	2	3
684	9	1	0	3	1	4	3	2	3
699	0	1	0	2	1	4	2	2	2
699	1	1	1	4	1	1	1	1	2
699	2	1	0	4	4	2	2	2	3
699	3	1	1	4	4	4	3	2	4
699	5	1	1	4	4	2	4	1	9
699	6	1	0	4	4	4	2	1	3
699	7	1	1	4	3	2	2	2	3
699	8	1	0	4	1	4	1	1	2
699	9	1	1	2	1	1	2	1	2
713	0	1	0	4	2	4	3	1	4
713	1	1	1	1	1	2	1	1	2
713	2	1	0	1	2	4	2	2	1
713	3	1	1	2	2	1	1	1	2
713	4	1	1	1	1	4	1	1	1
713	5	1	1	4	3	3	1	1	2
713	6	1	0	4	2	4	3	2	4
713	7	1	1	4	4	4	3	2	4
713	8	1	0	4	3	2	9	9	9
713	9	1	1	2	2	3	3	2	3
766	0	1	1	2	2	2	2	2	1
766	1	1	0	4	4	4	1	1	3
766	2	1	1	1	2	1	1	1	1
766	3	1	0	2	1	1	2	1	1
766	4	1	1	2	1	1	1	1	2
766	5	1	0	1	1	1	1	1	1
766	6	1	1	1	1	1	1	1	1
766	7	1	0	1	1	2	2	1	2
766	8	1	1	1	2	2	2	1	1
766	9	1	0	2	2	2	2	1	3
824	0	1	0	1	1	2	2	2	1
824	1	1	1	4	2	1	2	3	1
824	2	1	0	4	4	4	4	3	4
824	3	1	1	1	2	2	2	2	3
824	4	1	0	4	4	4	4	2	3
824	5	1	1	4	4	3	4	3	3
824	6	1	0	2	1	2	3	1	4
824	7	1	1	1	1	1	3	2	1
824	8	1	0	2	1	3	4	3	3
824	9	1	1	4	1	4	4	3	2
863	0	1	1	4	2	2	1	1	9
863	1	1	1	2	3	1	3	1	1
863	2	1	0	3	2	2	3	1	2
863	3	1	1	1	1	2	2	2	1
863	4	1	0	3	3	1	2	1	2
863	5	1	1	3	2	2	2	1	2
863	6	1	1	4	2	3	3	2	3
863	7	1	0	2	2	1	1	1	2
863	8	1	1	2	1	1	2	2	1
996	0	1	1	1	1	2	4	1	1
996	1	1	0	2	3	3	2	2	2
996	2	1	1	4	1	2	2	3	9
996	3	1	0	4	4	4	3	2	4
996	4	1	1	4	4	4	9	9	9
996	5	1	0	4	2	3	2	1	4
996	6	1	1	2	1	2	4	3	2
996	7	1	0	4	4	3	4	3	3
996	9	1	0	3	1	2	2	2	2
1063	0	1	1	4	1	2	3	1	2
1063	1	1	0	4	4	2	1	1	3
1063	2	1	1	4	4	4	4	4	2
1063	3	1	0	4	3	4	2	2	3
1063	4	1	1	4	3	4	1	1	4
1063	6	1	1	1	1	3	1	1	1
1063	7	1	0	4	2	4	1	1	3
1063	8	1	1	1	2	4	1	1	1
1063	9	1	0	2	1	1	2	1	1
1069	0	1	1	3	2	1	2	1	1
1069	1	1	0	1	2	1	2	1	1
1069	2	1	1	4	1	1	1	1	4
1069	3	1	0	2	1	2	1	1	1
1069	4	1	1	2	2	4	2	2	2
1069	5	1	0	2	1	1	1	2	3
1069	6	1	1	4	2	2	1	2	2
1069	7	1	0	1	2	1	2	1	1
1069	8	1	1	2	2	2	2	2	1
1069	9	1	0	4	2	1	2	3	2
1091	0	1	1	4	1	1	1	2	2
1091	1	1	0	1	2	1	2	1	1
1091	2	1	1	3	2	2	3	3	2
1091	3	1	0	4	2	1	3	1	2
1091	5	1	0	2	1	1	2	1	1
1091	6	1	1	1	1	2	2	1	2
1091	7	1	0	1	1	2	2	1	1
1091	8	1	1	1	4	3	3	4	3
1091	9	1	0	2	1	3	1	1	1
1221	1	1	1	4	2	1	1	1	1
1221	2	1	0	4	4	4	1	2	2
1221	3	1	1	4	3	3	2	2	3
1221	4	1	0	3	3	2	3	3	2
1221	5	1	1	1	1	1	1	1	1
1221	6	1	0	4	4	4	2	2	4
1221	7	1	1	3	2	2	1	1	2
1221	8	1	0	4	4	4	2	2	4
1221	9	1	0	4	4	2	1	1	1
1439	0	1	0	1	1	1	2	2	1
1439	1	1	0	2	3	2	1	3	1
1439	2	1	0	1	2	2	2	1	2
1439	3	1	0	1	1	1	3	1	1
1439	4	1	0	1	1	1	1	1	1
1439	5	1	0	4	2	2	3	2	3
1439	6	1	0	2	4	4	3	2	2
1439	7	1	0	4	1	1	1	2	3
1439	8	1	0	4	1	1	2	1	1
1439	9	1	0	2	1	2	1	1	1
1494	1	1	1	2	2	1	1	1	1
1494	2	1	0	2	2	2	2	2	2
1494	3	1	1	4	1	1	4	1	3
1494	4	1	0	4	2	1	2	1	2
1494	5	1	1	2	1	1	1	1	3
1494	6	1	0	4	2	3	4	4	4
1494	7	1	1	4	3	2	2	1	3
1494	8	1	0	1	2	1	2	1	1
1494	9	1	1	3	2	4	3	2	3
1506	0	1	0	4	4	2	3	2	1
1506	2	1	0	1	1	2	3	2	3
1506	3	1	1	4	3	2	3	2	2
1506	4	1	0	4	1	3	2	1	2
1506	5	1	0	3	3	2	3	2	2
1506	6	1	0	3	4	3	2	1	9
1506	7	1	0	4	4	1	4	4	3
1506	8	1	0	4	4	3	3	2	2
1506	9	1	1	4	1	1	4	4	2
1546	0	1	0	4	4	4	2	2	3
1546	1	1	0	3	1	2	2	1	2
1546	2	1	0	4	4	4	3	2	4
1546	3	1	1	3	2	2	2	2	1
1546	4	1	1	4	1	4	3	1	2
1546	5	1	0	2	3	2	3	2	2
1546	6	1	0	3	3	4	2	2	3
1546	7	1	0	1	1	1	1	1	1
1546	8	1	0	4	4	2	2	2	3
1546	9	1	0	4	4	4	3	3	3
1601	0	1	0	4	2	3	3	3	2
1601	1	1	0	3	2	2	4	2	2
1601	2	1	0	2	2	1	4	3	1
1601	3	1	0	3	2	1	4	2	2
1601	4	1	0	4	1	1	3	2	3
1601	5	1	0	4	2	3	4	2	1
1601	6	1	0	2	2	2	2	2	1
1601	7	1	0	4	4	3	1	1	9
1601	8	1	0	2	1	1	3	2	3
1601	9	1	0	4	3	1	3	4	1
1619	0	1	0	4	2	4	2	2	3
1619	2	1	0	3	2	2	1	1	2
1619	3	1	0	4	3	2	1	1	4
1619	4	1	0	1	2	3	3	2	2
1619	5	1	0	1	1	2	1	1	1
1619	6	1	0	4	3	2	1	1	1
1619	7	1	0	4	4	4	1	1	2
1619	9	1	0	2	1	1	3	1	4
1703	0	1	0	2	1	2	2	1	1
1703	1	1	1	2	3	2	1	1	3
1703	2	1	0	2	1	2	2	2	2
1703	3	1	1	4	2	1	3	2	1
1703	4	1	0	4	2	1	2	2	3
1703	5	1	1	2	1	1	4	3	2
1703	6	1	0	4	3	2	3	2	2
1703	7	1	1	1	1	1	2	2	2
1703	8	1	0	3	2	3	2	1	2
1703	9	1	1	2	1	1	1	1	3
2505	2	1	1	1	1	1	1	1	1
2505	6	1	1	4	3	3	2	2	3
2505	9	1	0	4	4	4	4	4	4
2511	0	1	1	4	4	4	4	9	9
2511	1	1	0	3	4	3	4	3	4
2511	2	1	1	4	2	3	3	2	2
2511	3	1	0	4	4	4	2	2	4
2511	4	1	1	1	1	1	1	1	1
2511	5	1	0	4	2	4	3	3	4
2511	6	1	1	4	2	4	2	2	3
2511	7	1	0	2	1	1	1	1	1
2511	9	1	0	4	4	3	1	1	2
2515	1	1	0	4	4	2	9	9	9
2515	3	1	0	1	1	1	1	1	1
2515	4	1	1	1	1	2	1	1	1
2515	5	1	0	4	2	3	1	2	3
2515	7	1	0	4	4	4	4	4	4
2515	8	1	1	4	4	4	3	4	4
2521	0	1	1	4	4	4	4	9	9
2521	1	1	0	4	2	2	1	1	2
2521	3	1	0	4	4	3	1	1	1
2521	4	1	1	4	4	4	3	4	4
2521	5	1	0	1	1	1	1	1	1
2521	6	1	1	4	4	3	1	3	2
2521	8	1	1	4	2	2	2	1	4
2525	1	1	0	4	4	2	2	2	4
2525	2	1	1	4	4	4	3	9	9
2525	3	1	0	4	1	4	1	1	1
2525	4	1	1	4	4	4	2	2	3
2525	5	1	0	4	4	4	4	9	9
2525	6	1	1	3	2	2	2	2	1
2525	7	1	0	2	2	3	2	1	2
2525	8	1	0	4	4	4	3	4	4
2525	9	1	0	4	4	4	2	2	3
2531	0	1	1	2	3	3	2	1	1
2531	1	1	0	2	2	2	2	2	3
2531	2	1	1	4	4	4	4	4	4
2531	3	1	0	2	2	1	2	2	2
2531	4	1	1	2	1	1	1	1	1
2531	5	1	0	3	4	2	1	1	2
2531	6	1	1	4	4	4	9	9	9
2531	7	1	0	4	4	4	4	1	4
2531	8	1	1	1	1	1	1	1	1
2531	9	1	0	4	4	4	4	4	4
2532	0	1	0	4	4	4	2	2	3
2532	1	1	1	4	4	4	3	2	3
2532	2	1	0	4	4	1	9	9	9
2532	3	1	1	4	2	2	2	2	3
2532	4	1	0	4	4	3	1	1	2
2532	5	1	1	4	4	4	9	9	9
2532	6	1	0	4	4	4	4	4	4
2532	8	1	0	4	4	4	4	9	9
2532	9	1	1	4	2	4	2	1	2
2539	0	1	1	4	4	4	2	9	9
2539	1	1	0	4	4	4	9	9	9
2539	2	1	1	1	1	1	1	9	9
2539	3	1	0	2	2	2	1	1	3
2539	4	1	1	4	4	1	2	9	9
2539	5	1	0	4	3	3	1	1	1
2539	6	1	1	4	4	4	2	2	2
2539	7	1	0	4	4	4	9	9	9
2539	9	1	0	4	4	4	4	9	9
2545	0	1	0	4	4	3	2	2	2
2545	1	1	1	3	2	3	2	2	3
2545	2	1	0	4	4	4	1	2	1
2545	3	1	1	4	4	4	2	2	4
2545	4	1	0	4	4	3	2	2	3
2545	5	1	1	4	4	4	3	3	2
2545	6	1	0	4	4	4	2	1	2
2545	7	1	1	2	2	1	1	1	1
2545	8	1	0	4	4	4	2	2	3
2545	9	1	1	4	4	4	9	9	9
2546	0	1	1	4	2	3	2	2	1
2546	1	1	0	1	2	1	2	1	1
2546	2	1	1	4	4	4	4	2	4
2546	3	1	0	4	4	4	9	9	9
2546	4	1	1	4	4	4	1	1	3
2546	5	1	0	4	4	4	4	9	9
2546	6	1	1	4	4	2	3	3	2
2546	7	1	0	2	2	2	2	1	2
2546	8	1	1	2	3	2	1	2	2
2608	0	1	1	4	3	3	3	3	2
2608	1	1	1	4	4	4	3	3	4
2608	2	1	1	4	3	4	3	3	3
2608	3	1	1	4	4	4	2	2	3
2608	4	1	1	4	1	1	4	4	3
2608	5	1	1	2	1	2	4	2	1
2608	6	1	1	4	4	3	3	2	1
2608	7	1	1	4	2	2	2	2	1
2608	8	1	1	4	4	4	2	4	9
2608	9	1	1	4	4	2	2	2	3
2613	0	1	0	2	1	1	2	1	1
2613	1	1	1	3	2	3	3	3	2
2613	2	1	0	4	4	4	2	2	4
2613	3	1	1	4	4	4	4	4	4
2613	4	1	1	4	4	4	4	9	9
2613	5	1	0	4	4	4	3	2	4
2613	6	1	1	4	4	4	3	3	4
2613	7	1	1	4	4	4	2	2	2
2613	8	1	0	4	4	2	3	3	3
2613	9	1	1	4	4	3	2	2	3
3001	0	0	0	4	4	4	3	3	2
3001	1	0	1	2	2	1	2	2	1
3001	2	0	0	4	4	2	1	1	2
3001	3	0	1	4	2	3	3	1	2
3001	4	0	0	2	2	2	2	2	3
3001	5	0	1	4	4	4	3	2	2
3001	7	0	1	3	3	3	1	1	3
3001	8	0	0	4	4	4	4	4	4
3001	9	0	1	4	4	4	1	3	2
3002	0	0	0	4	4	4	1	2	3
3002	1	0	1	4	4	4	1	1	4
3002	2	0	0	4	4	4	1	1	3
3002	3	0	1	4	4	4	2	2	4
3002	4	0	0	3	4	4	1	1	1
3002	5	0	1	4	4	3	2	2	4
3002	6	0	0	4	4	3	2	2	2
3002	7	0	1	1	3	2	2	2	4
3002	8	0	0	1	1	3	2	1	1
3002	9	0	1	1	1	1	3	1	2
3003	0	0	1	4	3	2	4	2	2
3003	1	0	0	4	1	4	2	3	3
3003	2	0	1	4	3	3	2	1	2
3003	3	0	0	2	1	3	3	1	2
3003	4	0	1	4	4	1	2	2	1
3003	5	0	0	4	4	3	4	1	2
3003	6	0	1	2	1	1	2	2	2
3003	8	0	1	3	2	2	3	2	2
3003	9	0	0	4	4	4	2	1	3
3004	0	0	1	4	4	1	1	2	2
3004	1	0	0	3	2	1	2	2	2
3004	2	0	1	3	3	2	2	1	2
3004	3	0	0	2	1	2	1	1	2
3004	4	0	1	4	4	4	4	4	4
3004	5	0	0	2	1	1	1	1	3
3004	6	0	1	4	1	4	2	2	4
3004	7	0	0	1	3	2	1	9	9
3004	8	0	1	4	2	3	3	2	3
3004	9	0	0	3	3	3	4	4	4
3005	0	0	0	2	4	1	1	1	3
3005	1	0	1	1	2	1	2	1	1
3005	2	0	0	4	4	4	2	2	4
3005	3	0	1	4	1	2	3	4	3
3005	4	0	0	3	1	1	4	1	2
3005	5	0	1	3	2	3	1	3	3
3005	6	0	0	4	4	4	1	2	2
3005	7	0	1	4	3	3	1	1	1
3005	8	0	0	3	2	2	1	2	3
3005	9	0	1	1	3	3	1	2	1
3006	0	0	1	1	2	2	2	1	2
3006	1	0	0	1	1	2	1	1	1
3006	2	0	1	4	3	2	1	1	2
3006	3	0	0	2	2	1	1	2	9
3006	4	0	1	4	4	4	1	1	2
3006	5	0	0	2	4	4	1	1	1
3006	6	0	1	2	2	2	1	1	2
3006	7	0	0	4	4	4	4	9	9
3006	8	0	1	4	4	4	2	2	9
3006	9	0	0	1	1	2	1	1	1
3007	0	0	1	1	1	2	2	2	1
3007	1	0	0	4	4	3	3	4	4
3007	2	0	1	4	4	4	2	2	4
3007	3	0	0	4	4	4	2	4	9
3007	4	0	1	4	3	1	3	2	1
3007	5	0	0	4	4	4	2	2	3
3007	6	0	1	4	4	4	3	4	4
3007	7	0	0	4	3	2	3	4	4
3007	8	0	1	4	4	4	4	9	9
3007	9	0	0	4	2	3	2	2	3
3009	0	0	0	1	2	1	2	2	2
3009	1	0	1	4	1	4	2	1	3
3009	2	0	0	3	2	1	1	1	1
3009	3	0	1	4	1	1	4	3	2
3009	4	0	0	4	3	2	2	1	2
3009	5	0	1	4	3	4	1	2	3
3009	6	0	0	4	2	4	1	1	1
3009	7	0	1	2	2	1	1	1	1
3009	8	0	0	1	1	1	2	1	1
3009	9	0	1	3	1	1	2	2	1
3011	0	0	0	4	2	4	4	3	3
3011	1	0	1	2	1	1	4	3	1
3011	2	0	0	3	2	2	3	2	2
3011	4	0	0	4	1	2	4	3	1
3011	6	0	0	4	2	4	3	1	4
3011	7	0	1	3	1	2	3	3	3
3011	8	0	0	4	1	2	4	3	3
3011	9	0	1	4	2	1	4	3	2
3012	0	0	0	1	1	4	3	4	4
3012	1	0	1	4	4	4	2	2	1
3012	2	0	0	4	4	4	2	2	4
3012	3	0	1	4	3	2	2	2	2
3012	4	0	0	4	4	4	2	3	3
3012	5	0	1	4	4	4	4	4	4
3012	6	0	0	4	2	2	3	2	3
3012	7	0	1	2	3	4	2	2	3
3012	8	0	0	4	4	4	4	4	4
3012	9	0	1	2	3	2	3	2	2
3013	0	0	0	4	4	4	3	3	4
3013	1	0	1	4	4	2	2	2	3
3013	2	0	0	2	1	1	1	1	1
3013	3	0	1	4	1	1	2	1	2
3013	4	0	0	4	4	2	3	3	3
3013	6	0	0	4	4	3	2	1	3
3013	7	0	1	4	4	4	3	3	4
3013	8	0	0	3	2	3	3	2	1
3013	9	0	1	4	4	2	3	3	2
3014	0	0	0	3	4	4	2	3	2
3014	1	0	1	4	1	2	3	2	3
3014	2	0	0	2	1	1	2	2	1
3014	3	0	1	2	1	2	2	1	1
3014	4	0	0	1	1	3	2	1	1
3014	5	0	1	4	1	1	3	3	4
3014	6	0	0	4	2	2	3	3	3
3014	7	0	1	3	1	2	2	2	3
3014	8	0	0	3	2	3	3	3	3
3014	9	0	1	4	1	2	4	4	3
3015	0	0	1	1	1	2	2	2	2
3015	1	0	0	4	1	4	2	2	2
3015	2	0	1	4	3	3	2	2	2
3015	3	0	0	4	2	1	1	1	2
3015	5	0	0	4	2	2	3	3	9
3015	6	0	1	3	2	2	3	2	2
3015	7	0	0	4	3	3	3	2	2
3015	9	0	0	4	3	4	2	2	2
3016	0	0	1	4	4	1	2	2	2
3016	1	0	0	4	1	1	2	2	3
3016	2	0	1	1	1	1	1	1	2
3016	3	0	0	3	3	4	1	2	3
3016	4	0	1	1	1	1	1	1	1
3016	5	0	0	2	2	3	2	1	1
3016	6	0	1	2	2	2	2	3	1
3016	7	0	0	4	2	2	4	4	3
3016	8	0	1	4	1	3	1	1	3
3016	9	0	0	2	2	2	3	2	2
3017	1	0	0	4	3	1	2	2	3
3017	2	0	1	2	1	2	4	3	2
3017	3	0	0	4	2	2	4	2	2
3017	4	0	1	1	2	2	2	1	1
3017	5	0	0	2	1	1	1	1	1
3017	7	0	0	4	1	1	3	2	1
3017	9	0	0	4	1	4	2	1	2
3018	0	0	1	1	1	1	3	2	1
3018	1	0	0	4	2	3	2	2	3
3018	2	0	1	4	2	2	1	1	1
3018	3	0	0	4	4	3	2	1	1
3018	4	0	1	4	1	3	3	2	4
3018	5	0	0	4	2	1	2	2	1
3018	7	0	0	4	3	3	3	2	3
3018	8	0	1	3	2	4	2	2	4
3018	9	0	0	3	3	3	2	2	2
3019	0	0	1	2	1	2	1	1	1
3019	1	0	0	3	3	3	1	1	1
3019	2	0	1	4	3	4	1	1	2
3019	3	0	0	1	2	1	1	1	1
3019	4	0	1	3	3	4	1	1	3
3019	5	0	0	4	2	3	1	1	2
3019	6	0	1	4	2	4	2	2	2
3019	7	0	0	1	1	1	1	1	1
3019	8	0	1	2	1	1	1	1	1
3019	9	0	0	1	1	1	1	1	1
3020	1	0	0	4	1	3	1	2	2
3020	2	0	0	4	3	3	2	2	2
3020	3	0	0	4	3	2	3	3	4
3020	4	0	1	1	1	1	4	2	1
3020	5	0	0	4	1	3	4	2	4
3020	6	0	0	4	1	1	2	2	1
3020	7	0	0	2	1	1	3	2	3
3020	8	0	0	1	1	1	3	2	1
3020	9	0	0	1	2	2	2	2	3
3021	1	0	0	2	1	2	1	1	2
3021	2	0	1	1	1	1	2	1	1
3021	3	0	0	4	1	1	2	2	3
3021	4	0	1	4	2	4	3	1	1
3021	5	0	0	2	1	1	2	2	2
3021	6	0	1	2	1	1	1	1	2
3021	7	0	0	2	1	4	2	3	3
3021	8	0	1	3	2	1	1	2	3
3021	9	0	0	4	1	1	2	1	3
3022	0	0	1	4	1	1	2	2	1
3022	1	0	0	2	2	2	4	3	3
3022	2	0	0	4	3	3	3	2	2
3022	3	0	0	3	3	3	4	4	2
3022	4	0	0	4	4	3	4	4	3
3022	5	0	0	2	1	1	4	3	3
3022	6	0	0	1	1	1	2	1	2
3022	7	0	0	1	2	2	4	2	2
3022	8	0	1	1	1	1	2	1	1
3023	0	0	0	1	1	1	1	1	1
3023	1	0	0	4	1	1	1	1	1
3023	2	0	0	1	1	1	1	1	1
3023	3	0	0	4	1	1	1	1	1
3023	4	0	0	1	1	1	2	1	1
3023	5	0	0	2	1	1	3	1	2
3023	6	0	0	1	1	2	2	1	4
3023	7	0	0	1	1	2	2	1	1
3023	8	0	0	3	2	1	2	2	2
3023	9	0	0	1	2	2	2	2	1
3024	1	0	0	4	2	2	1	1	2
3024	2	0	0	2	3	2	2	1	3
3024	3	0	0	3	1	2	2	1	2
3024	4	0	0	2	1	1	2	1	2
3024	5	0	0	2	1	2	1	1	2
3024	6	0	0	1	1	1	1	1	1
3024	7	0	0	2	1	1	3	2	2
3024	8	0	0	1	1	1	3	1	1
3024	9	0	0	2	2	2	3	2	1
3025	0	0	0	1	1	3	2	1	1
3025	1	0	0	1	1	4	4	4	4
3025	2	0	1	1	1	2	2	2	4
3025	3	0	0	4	3	2	2	2	3
3025	4	0	0	2	2	2	2	1	1
3025	5	0	1	4	2	2	3	2	2
3025	6	0	0	4	3	1	1	1	3
3025	7	0	0	2	2	2	4	2	4
3025	8	0	0	1	1	1	1	1	1
3025	9	0	1	1	1	2	4	1	3
3028	0	0	0	4	4	4	2	1	4
3028	1	0	1	4	3	4	2	2	3
3028	2	0	0	4	4	4	2	2	4
3028	3	0	1	4	4	4	3	2	3
3028	4	0	0	4	4	4	2	2	3
3028	5	0	1	4	3	4	2	2	3
3028	6	0	0	4	4	3	2	1	2
3028	7	0	1	4	2	3	4	4	3
3028	8	0	0	4	4	2	3	2	3
3028	9	0	1	2	2	2	2	2	1
3029	0	0	1	2	1	1	2	1	1
3029	1	0	0	4	4	4	4	9	9
3029	2	0	0	2	1	4	3	3	2
3029	3	0	0	4	2	2	3	9	9
3029	4	0	0	3	1	2	2	2	2
3029	5	0	0	2	2	2	3	3	2
3029	6	0	0	2	2	1	1	1	1
3029	7	0	0	4	4	1	3	3	3
3029	8	0	0	4	4	4	1	1	1
3029	9	0	0	3	1	1	4	3	4
3030	0	0	1	4	4	4	9	9	9
3030	1	0	0	4	4	4	1	1	3
3030	2	0	1	4	4	4	4	9	9
3030	3	0	0	4	1	1	1	1	1
3030	4	0	1	2	2	4	2	2	3
3030	5	0	0	2	2	2	2	2	1
3030	6	0	1	2	3	4	2	1	2
3030	7	0	0	4	4	4	2	1	4
3030	8	0	1	1	1	1	2	1	1
3030	9	0	0	4	4	3	2	2	3
3031	1	0	1	4	3	4	3	3	4
3031	2	0	0	4	4	4	2	3	2
3031	4	0	0	3	3	2	2	2	2
3031	5	0	1	3	4	4	2	2	2
3031	6	0	0	1	1	1	2	1	1
3031	7	0	1	4	4	4	9	9	9
3031	8	0	0	2	3	2	2	1	9
3032	0	0	0	4	4	4	2	2	2
3032	1	0	0	4	4	4	4	9	9
3032	2	0	0	4	4	4	1	2	3
3032	4	0	0	4	4	4	1	2	2
3032	5	0	0	4	4	4	2	2	3
3032	7	0	0	4	4	4	3	3	2
3032	9	0	0	3	4	3	2	1	2
3033	0	0	0	4	4	4	1	1	3
3033	1	0	0	4	4	3	3	3	4
3033	2	0	0	3	3	2	2	3	9
3033	3	0	0	4	4	4	9	9	9
3033	4	0	0	4	4	3	2	2	2
3033	5	0	0	2	4	4	9	9	9
3033	6	0	0	3	1	2	1	1	2
3033	7	0	0	1	1	2	1	1	1
3033	8	0	0	4	3	2	2	2	2
3033	9	0	0	4	2	2	1	2	1
3035	0	0	0	2	1	4	3	2	2
3035	1	0	0	2	2	4	2	1	2
3035	2	0	0	4	4	4	3	3	3
3035	3	0	0	4	4	3	2	2	3
3035	4	0	1	3	4	3	1	3	3
3035	5	0	0	3	2	4	1	1	2
3035	6	0	0	1	1	1	1	1	1
3035	7	0	0	1	1	3	2	1	1
3035	8	0	1	1	1	4	1	2	1
3035	9	0	0	2	1	3	2	2	2
3036	1	0	0	4	4	4	4	9	9
3036	2	0	0	2	2	1	2	1	3
3036	4	0	0	4	3	3	3	2	2
3036	5	0	0	1	2	1	2	1	1
3036	6	0	0	2	1	1	1	1	1
3036	7	0	0	2	1	1	2	1	1
3036	8	0	0	4	4	3	2	2	2
3036	9	0	0	4	4	4	1	1	4
3037	0	0	1	2	1	4	2	2	3
3037	1	0	1	1	1	1	4	3	1
3037	2	0	0	4	4	4	4	9	9
3037	3	0	1	4	4	3	4	9	9
3037	4	0	0	4	1	1	2	2	4
3037	5	0	0	4	4	9	9	9	9
3037	7	0	1	4	4	4	4	4	1
3037	8	0	0	4	4	4	2	2	3
3037	9	0	0	4	4	4	4	2	4
3039	0	0	0	4	4	3	2	2	3
3039	1	0	0	4	4	3	2	2	3
3039	2	0	0	4	4	2	2	3	9
3039	3	0	1	4	4	3	2	3	2
3039	4	0	0	4	4	4	4	4	4
3039	5	0	1	4	1	3	1	1	3
3039	6	0	0	4	4	3	3	4	4
3039	7	0	1	4	4	3	4	2	2
3039	9	0	1	2	2	4	2	3	3
3040	0	0	0	4	4	4	2	1	3
3040	1	0	0	4	4	4	4	4	3
3040	2	0	1	4	4	3	3	4	4
3040	3	0	0	4	4	4	4	4	3
3040	4	0	1	4	4	3	2	3	3
3040	7	0	0	4	4	4	3	1	3
3040	8	0	0	1	1	3	1	2	2
3040	9	0	0	4	2	2	2	2	2
3041	0	0	0	4	4	4	2	2	4
3041	1	0	0	4	4	4	2	2	4
3041	2	0	1	2	1	1	2	1	2
3041	5	0	0	4	2	4	4	4	4
3041	6	0	1	2	4	1	4	3	3
3041	7	0	0	1	1	3	1	1	1
3041	8	0	1	4	4	3	2	2	3
3041	9	0	1	4	4	4	3	2	4
3042	0	0	1	4	3	2	2	1	3
3042	1	0	0	2	2	2	2	1	1
3042	2	0	1	4	4	4	2	2	3
3042	3	0	0	4	4	2	2	2	3
3042	4	0	1	2	2	2	4	3	2
3042	5	0	0	1	1	2	2	2	2
3042	6	0	1	1	1	1	2	2	3
3042	7	0	0	2	1	1	2	1	9
3042	8	0	1	4	4	4	2	2	3
3042	9	0	0	4	3	2	4	9	9
3043	0	0	1	4	3	2	1	1	2
3043	1	0	0	4	4	3	2	1	4
3043	2	0	1	2	2	2	1	1	2
3043	3	0	0	2	2	1	2	2	1
3043	4	0	1	4	2	1	1	1	9
3043	5	0	0	1	1	1	1	1	1
3043	6	0	1	1	1	2	1	1	3
3043	7	0	0	2	1	3	3	3	3
3043	8	0	1	1	1	2	2	2	4
3043	9	0	0	4	4	4	2	3	9
3044	1	0	0	1	1	1	1	1	1
3044	2	0	1	1	1	1	1	1	1
3044	3	0	0	2	1	3	1	1	1
3044	4	0	0	4	3	3	2	2	2
3044	5	0	1	1	1	1	1	1	2
3044	6	0	0	4	4	4	4	3	1
3044	7	0	1	2	1	2	2	2	3
3044	8	0	0	1	1	1	1	1	1
3046	0	0	1	1	1	2	1	1	2
3046	1	0	0	2	1	1	1	1	1
3046	2	0	1	2	2	3	1	2	2
3046	3	0	0	1	1	1	1	1	1
3046	4	0	1	1	1	1	2	2	1
3046	5	0	0	2	1	2	2	1	1
3046	6	0	1	4	2	1	2	1	1
3046	7	0	0	1	1	1	1	1	1
3046	8	0	1	4	3	2	1	2	2
3046	9	0	0	3	3	3	1	1	2
3047	1	0	0	1	1	2	1	1	1
3047	2	0	0	1	1	1	1	1	1
3047	3	0	0	1	1	1	2	1	9
3047	4	0	1	4	2	2	2	2	3
3047	5	0	0	1	1	1	1	1	1
3047	6	0	0	1	1	1	1	1	1
3047	7	0	0	1	1	1	1	1	1
3047	8	0	0	4	3	4	4	4	4
3047	9	0	0	2	1	1	2	1	1
3048	0	0	0	4	4	4	3	3	3
3048	1	0	1	4	4	3	2	2	4
3048	3	0	1	3	3	1	2	2	2
3048	4	0	0	4	4	4	1	9	9
3048	6	0	0	4	4	9	9	9	9
3048	7	0	1	2	1	1	1	1	1
3048	8	0	0	3	3	3	3	2	2
3049	0	0	0	4	4	4	2	2	4
3049	1	0	0	4	4	4	9	9	9
3049	2	0	1	4	4	4	2	4	4
3049	3	0	0	4	4	3	2	2	4
3049	4	0	0	4	4	4	4	4	4
3049	5	0	1	4	4	2	2	2	3
3049	6	0	0	4	4	4	4	1	4
3049	7	0	0	3	4	3	1	1	1
3049	8	0	0	4	4	4	1	1	3
3049	9	0	0	4	4	2	4	4	4
3052	1	0	0	4	4	4	2	2	4
3052	2	0	0	4	4	4	2	2	4
3052	3	0	0	4	4	4	1	1	3
3052	5	0	0	4	4	4	2	2	4
3052	6	0	1	4	4	2	2	2	2
3052	7	0	0	2	2	1	2	9	9
3052	8	0	1	2	2	4	2	2	3
3052	9	0	0	4	4	4	1	9	9
3053	1	0	1	4	4	4	2	3	4
3053	2	0	0	4	4	3	1	1	2
3053	4	0	0	4	4	4	4	4	4
3053	6	0	0	4	4	4	2	1	3
3053	7	0	1	4	4	4	3	2	3
3054	1	0	1	2	1	1	1	1	1
3054	2	0	0	2	3	4	1	1	3
3054	3	0	1	2	1	1	1	1	1
3054	4	0	0	1	1	1	1	1	1
3054	5	0	1	2	1	2	1	1	1
3054	6	0	0	3	2	1	1	1	1
3054	7	0	1	2	2	2	1	1	1
3054	8	0	0	1	1	2	1	1	1
3056	0	0	1	1	2	2	2	1	2
3056	1	0	0	2	2	2	2	2	2
3056	3	0	0	1	1	1	1	1	1
3056	4	0	0	1	1	1	1	1	1
3056	5	0	0	1	1	1	1	1	1
3056	6	0	0	1	1	2	2	1	1
3056	7	0	0	3	4	4	1	1	2
3056	8	0	0	2	2	2	2	2	2
3056	9	0	0	1	1	1	1	1	1
3057	0	0	0	3	4	2	1	1	1
3057	1	0	0	4	2	9	9	9	9
3057	2	0	0	1	4	2	2	1	1
3057	3	0	1	4	4	3	3	3	2
3057	4	0	0	4	4	4	4	2	1
3057	5	0	0	4	2	3	2	2	3
3057	6	0	0	4	3	3	2	2	3
3057	7	0	0	1	2	2	1	1	1
3057	8	0	0	4	1	2	1	1	4
3057	9	0	0	1	1	1	1	1	1
