1	11	1	36	0	11	7	0	2	1	.5	1
1	11	2	45	0	20	7	0	2	1	.5	1
1	11	3	32	0	7	7	0	2	1	.5	1
1	11	4	57	1	25	6	0	2	1	.5	1
1	11	5	46	1	22	6	0	2	1	.5	1
1	11	6	60	1	22	6	0	2	1	.5	1
1	11	7	23	1	13	6	0	2	1	.5	1
1	11	8	32	1	13	7	0	2	1	.5	1
1	11	9	60	0	17	7	0	2	1	.5	1
1	12	10	45	0	21	6	1	2	1	.5	1
1	12	11	57	1	24	6	1	2	1	.5	1
1	12	12	47	0	24	6	1	2	1	.5	1
1	12	13	32	1	14	6	1	2	1	.5	1
1	12	14	42	1	13	6	1	2	1	.5	1
1	12	15	42	1	17	6	1	2	1	.5	1
1	12	16	53	1	20	5	1	2	1	.5	1
1	12	17	60	0	28	5	1	2	1	.5	1
1	12	18	33	1	21	6	1	2	1	.5	1
1	13	19	64	1	22	5	0	2	0	-.5	1
1	13	20	37	0	17	5	0	2	0	-.5	1
1	13	21	23	1	7	4	0	2	0	-.5	1
1	13	22	61	1	20	4	0	2	0	-.5	1
1	13	23	58	1	24	4	0	2	0	-.5	1
1	13	24	52	1	20	4	0	2	0	-.5	1
1	13	25	28	0	6	5	0	2	0	-.5	1
1	13	26	52	1	17	5	0	2	0	-.5	1
1	13	27	43	0	20	4	0	2	0	-.5	1
1	14	28	64	0	32	4	1	2	0	-.5	1
1	14	29	47	0	17	5	1	2	0	-.5	1
1	14	30	62	1	27	4	1	2	0	-.5	1
1	14	31	39	1	11	5	1	2	0	-.5	1
1	14	32	46	1	20	5	1	2	0	-.5	1
1	14	33	58	1	22	4	1	2	0	-.5	1
1	14	34	34	0	14	5	1	2	0	-.5	1
1	14	35	41	0	10	5	1	2	0	-.5	1
1	14	36	56	1	17	5	1	2	0	-.5	1
2	21	37	39	1	20	4	0	1	1	.5	0
2	21	38	60	1	29	5	0	1	1	.5	0
2	21	39	57	1	25	5	0	1	1	.5	0
2	21	40	50	1	20	5	0	1	1	.5	0
2	21	41	29	1	8	5	0	1	1	.5	0
2	21	42	57	0	29	5	0	1	1	.5	0
2	21	43	51	1	20	5	0	1	1	.5	0
2	21	44	25	1	13	5	0	1	1	.5	0
2	21	45	27	1	10	5	0	1	1	.5	0
2	22	46	53	1	18	4	1	1	1	.5	0
2	22	47	42	0	24	5	1	1	1	.5	0
2	22	48	43	1	15	4	1	1	1	.5	0
2	22	49	24	0	6	5	1	1	1	.5	0
2	22	50	48	0	17	5	1	1	1	.5	0
2	22	51	60	0	18	5	1	1	1	.5	0
2	22	52	27	1	10	4	1	1	1	.5	0
2	22	53	61	0	25	5	1	1	1	.5	0
2	22	54	33	1	14	5	1	1	1	.5	0
2	23	55	47	0	20	5	0	1	0	-.5	0
2	23	56	50	1	21	4	0	1	0	-.5	0
2	23	57	38	1	15	4	0	1	0	-.5	0
2	23	58	28	1	8	6	0	1	0	-.5	0
2	23	59	33	1	11	5	0	1	0	-.5	0
2	23	60	52	1	21	4	0	1	0	-.5	0
2	23	61	53	0	17	6	0	1	0	-.5	0
2	23	62	31	1	17	5	0	1	0	-.5	0
2	23	63	27	1	13	4	0	1	0	-.5	0
2	24	64	57	0	20	6	1	1	0	-.5	0
2	24	65	47	1	20	5	1	1	0	-.5	0
2	24	66	41	1	17	4	1	1	0	-.5	0
2	24	67	64	1	28	4	1	1	0	-.5	0
2	24	68	45	1	24	5	1	1	0	-.5	0
2	24	69	42	0	20	5	1	1	0	-.5	0
2	24	70	25	1	8	5	1	1	0	-.5	0
2	24	71	34	1	18	5	1	1	0	-.5	0
2	24	72	36	1	17	5	1	1	0	-.5	0
3	31	73	55	1	25	4	0	0	1	.5	-1
3	31	74	33	0	11	5	0	0	1	.5	-1
3	31	75	51	1	21	4	0	0	1	.5	-1
3	31	76	60	1	31	4	0	0	1	.5	-1
3	31	77	24	1	7	4	0	0	1	.5	-1
3	31	78	31	0	18	5	0	0	1	.5	-1
3	31	79	58	1	21	4	0	0	1	.5	-1
3	31	80	60	0	27	5	0	0	1	.5	-1
3	31	81	29	0	14	5	0	0	1	.5	-1
3	32	82	24	1	13	3	1	0	1	.5	-1
3	32	83	24	1	10	4	1	0	1	.5	-1
3	32	84	46	0	21	3	1	0	1	.5	-1
3	32	85	43	1	25	3	1	0	1	.5	-1
3	32	86	24	1	4	4	1	0	1	.5	-1
3	32	87	45	0	18	4	1	0	1	.5	-1
3	32	88	64	1	25	4	1	0	1	.5	-1
3	32	89	25	1	4	5	1	0	1	.5	-1
3	32	90	55	1	27	3	1	0	1	.5	-1
3	33	91	42	1	18	5	0	0	0	-.5	-1
3	33	92	58	1	25	6	0	0	0	-.5	-1
3	33	93	64	1	20	6	0	0	0	-.5	-1
3	33	94	47	0	17	6	0	0	0	-.5	-1
3	33	95	25	1	7	5	0	0	0	-.5	-1
3	33	96	50	0	21	5	0	0	0	-.5	-1
3	33	97	42	1	14	5	0	0	0	-.5	-1
3	33	98	60	0	29	5	0	0	0	-.5	-1
3	33	99	33	1	20	5	0	0	0	-.5	-1
3	34	100	51	0	18	6	1	0	0	-.5	-1
3	34	101	27	1	11	6	1	0	0	-.5	-1
3	34	102	43	1	17	6	1	0	0	-.5	-1
3	34	103	45	1	15	6	1	0	0	-.5	-1
3	34	104	53	0	21	6	1	0	0	-.5	-1
3	34	105	53	0	21	6	1	0	0	-.5	-1
3	34	106	37	0	15	6	1	0	0	-.5	-1
3	34	107	25	1	10	7	1	0	0	-.5	-1
3	34	108	32	1	14	6	1	0	0	-.5	-1
3	34	109	46	1	20	6	1	0	0	-.5	-1
4	41	110	57	1	25	5	0	2	1	.5	1
4	41	111	27	1	11	6	0	2	1	.5	1
4	41	112	55	1	25	5	0	2	1	.5	1
4	41	113	51	0	20	6	0	2	1	.5	1
4	41	114	24	1	14	5	0	2	1	.5	1
4	41	115	56	1	20	5	0	2	1	.5	1
4	41	116	31	1	17	5	0	2	1	.5	1
4	41	117	46	0	17	6	0	2	1	.5	1
4	41	118	57	1	24	5	0	2	1	.5	1
4	41	119	42	1	18	5	0	2	1	.5	1
4	42	120	53	1	18	5	1	2	1	.5	1
4	42	121	48	1	22	5	1	2	1	.5	1
4	42	122	25	0	7	5	1	2	1	.5	1
4	42	123	37	1	13	4	1	2	1	.5	1
4	42	124	47	1	14	5	1	2	1	.5	1
4	42	125	29	1	7	5	1	2	1	.5	1
4	42	126	41	1	13	5	1	2	1	.5	1
4	42	127	31	1	18	4	1	2	1	.5	1
4	42	128	52	1	22	5	1	2	1	.5	1
4	42	129	36	1	20	3	1	2	1	.5	1
4	43	130	39	0	8	6	0	2	0	-.5	1
4	43	131	62	1	25	5	0	2	0	-.5	1
4	43	132	42	0	13	6	0	2	0	-.5	1
4	43	133	51	1	24	6	0	2	0	-.5	1
4	43	134	29	1	13	5	0	2	0	-.5	1
4	43	135	25	1	10	6	0	2	0	-.5	1
4	43	136	50	1	13	6	0	2	0	-.5	1
4	43	137	23	1	4	6	0	2	0	-.5	1
4	43	138	60	1	18	6	0	2	0	-.5	1
4	44	139	43	1	21	5	1	2	0	-.5	1
4	44	140	43	1	13	6	1	2	0	-.5	1
4	44	141	27	1	13	5	1	2	0	-.5	1
4	44	142	28	0	14	6	1	2	0	-.5	1
4	44	143	36	0	17	7	1	2	0	-.5	1
4	44	144	60	1	25	5	1	2	0	-.5	1
4	44	145	64	1	25	5	1	2	0	-.5	1
4	44	146	64	1	27	5	1	2	0	-.5	1
4	44	147	61	1	25	6	1	2	0	-.5	1
5	51	148	27	0	11	5	0	1	1	.5	0
5	51	149	32	1	7	6	0	1	1	.5	0
5	51	150	28	1	11	6	0	1	1	.5	0
5	51	151	64	1	24	6	0	1	1	.5	0
5	51	152	55	0	24	6	0	1	1	.5	0
5	51	153	46	1	14	6	0	1	1	.5	0
5	51	154	45	1	20	5	0	1	1	.5	0
5	51	155	23	1	13	5	0	1	1	.5	0
5	51	156	55	1	22	5	0	1	1	.5	0
5	52	157	60	1	22	5	1	1	1	.5	0
5	52	158	39	0	22	5	1	1	1	.5	0
5	52	159	24	1	10	6	1	1	1	.5	0
5	52	160	61	1	22	6	1	1	1	.5	0
5	52	161	28	1	11	6	1	1	1	.5	0
5	52	162	34	1	15	5	1	1	1	.5	0
5	52	163	34	0	7	6	1	1	1	.5	0
5	52	164	25	1	6	6	1	1	1	.5	0
5	52	165	39	0	14	6	1	1	1	.5	0
5	53	166	64	0	28	5	0	1	0	-.5	0
5	53	167	60	0	28	5	0	1	0	-.5	0
5	53	168	58	1	20	6	0	1	0	-.5	0
5	53	169	58	1	24	5	0	1	0	-.5	0
5	53	170	32	1	14	6	0	1	0	-.5	0
5	53	171	41	1	20	5	0	1	0	-.5	0
5	53	172	61	1	20	5	0	1	0	-.5	0
5	53	173	47	1	21	6	0	1	0	-.5	0
5	53	174	60	1	28	6	0	1	0	-.5	0
5	54	175	56	1	14	7	1	1	0	-.5	0
5	54	176	47	1	18	5	1	1	0	-.5	0
5	54	177	31	1	8	5	1	1	0	-.5	0
5	54	178	47	1	20	6	1	1	0	-.5	0
5	54	179	51	1	21	6	1	1	0	-.5	0
5	54	180	61	1	20	5	1	1	0	-.5	0
5	54	181	50	0	24	5	1	1	0	-.5	0
5	54	182	37	1	10	5	1	1	0	-.5	0
5	54	183	23	1	14	4	1	1	0	-.5	0
6	61	184	56	1	24	4	0	1	1	.5	0
6	61	185	45	1	13	5	0	1	1	.5	0
6	61	186	23	0	11	4	0	1	1	.5	0
6	61	187	48	1	11	4	0	1	1	.5	0
6	61	188	46	1	17	4	0	1	1	.5	0
6	61	189	64	1	28	4	0	1	1	.5	0
6	61	190	47	1	21	4	0	1	1	.5	0
6	61	191	56	1	24	5	0	1	1	.5	0
6	61	192	51	0	13	5	0	1	1	.5	0
6	62	193	28	1	8	4	1	1	1	.5	0
6	62	194	61	1	27	3	1	1	1	.5	0
6	62	195	41	1	17	4	1	1	1	.5	0
6	62	196	37	0	17	4	1	1	1	.5	0
6	62	197	25	1	8	3	1	1	1	.5	0
6	62	198	25	1	11	3	1	1	1	.5	0
6	62	199	50	1	15	4	1	1	1	.5	0
6	62	200	64	1	24	3	1	1	1	.5	0
6	62	201	38	0	11	4	1	1	1	.5	0
6	63	202	39	1	11	6	0	1	0	-.5	0
6	63	203	43	1	14	5	0	1	0	-.5	0
6	63	204	28	1	8	5	0	1	0	-.5	0
6	63	205	33	1	15	5	0	1	0	-.5	0
6	63	206	39	1	10	5	0	1	0	-.5	0
6	63	207	46	1	22	5	0	1	0	-.5	0
6	63	208	25	1	11	5	0	1	0	-.5	0
6	63	209	52	1	18	5	0	1	0	-.5	0
6	63	210	45	1	17	5	0	1	0	-.5	0
6	64	211	52	1	15	6	1	1	0	-.5	0
6	64	212	33	0	4	6	1	1	0	-.5	0
6	64	213	25	1	8	5	1	1	0	-.5	0
6	64	214	36	1	17	5	1	1	0	-.5	0
6	64	215	50	1	21	5	1	1	0	-.5	0
6	64	216	57	0	18	6	1	1	0	-.5	0
6	64	217	43	1	20	5	1	1	0	-.5	0
6	64	218	53	1	21	5	1	1	0	-.5	0
6	64	219	62	1	20	5	1	1	0	-.5	0
7	71	220	60	1	27	4	0	1	1	.5	0
7	71	221	62	1	22	5	0	1	1	.5	0
7	71	222	33	1	4	5	0	1	1	.5	0
7	71	223	33	1	20	5	0	1	1	.5	0
7	71	224	27	1	13	4	0	1	1	.5	0
7	71	225	61	1	28	4	0	1	1	.5	0
7	71	226	23	1	15	4	0	1	1	.5	0
7	71	227	38	1	21	5	0	1	1	.5	0
7	71	228	64	1	33	4	0	1	1	.5	0
7	71	229	64	0	32	4	0	1	1	.5	0
7	72	230	57	1	18	5	1	1	1	.5	0
7	72	231	25	1	4	5	1	1	1	.5	0
7	72	232	56	1	27	5	1	1	1	.5	0
7	72	233	43	0	21	5	1	1	1	.5	0
7	72	234	45	1	20	5	1	1	1	.5	0
7	72	235	23	1	6	4	1	1	1	.5	0
7	72	236	46	1	15	5	1	1	1	.5	0
7	72	237	37	1	20	4	1	1	1	.5	0
7	72	238	31	0	14	5	1	1	1	.5	0
7	72	239	29	1	7	5	1	1	1	.5	0
7	73	240	37	0	13	5	0	1	0	-.5	0
7	73	241	61	0	25	5	0	1	0	-.5	0
7	73	242	43	1	20	5	0	1	0	-.5	0
7	73	243	39	1	17	4	0	1	0	-.5	0
7	73	244	29	1	13	5	0	1	0	-.5	0
7	73	245	52	1	20	5	0	1	0	-.5	0
7	73	246	58	0	28	5	0	1	0	-.5	0
7	73	247	34	0	15	5	0	1	0	-.5	0
7	73	248	57	1	29	5	0	1	0	-.5	0
7	73	249	37	1	8	5	0	1	0	-.5	0
7	74	250	56	1	20	5	1	1	0	-.5	0
7	74	251	32	0	8	5	1	1	0	-.5	0
7	74	252	29	1	13	4	1	1	0	-.5	0
7	74	253	29	0	10	5	1	1	0	-.5	0
7	74	254	32	1	13	4	1	1	0	-.5	0
7	74	255	25	1	11	5	1	1	0	-.5	0
7	74	256	36	1	18	5	1	1	0	-.5	0
7	74	257	45	1	14	4	1	1	0	-.5	0
7	74	258	58	1	17	5	1	1	0	-.5	0
7	74	259	52	0	25	5	1	1	0	-.5	0
8	81	260	42	1	15	6	0	1	1	.5	0
8	81	261	31	1	8	6	0	1	1	.5	0
8	81	262	37	1	17	5	0	1	1	.5	0
8	81	263	47	1	25	4	0	1	1	.5	0
8	81	264	31	1	6	6	0	1	1	.5	0
8	81	265	38	0	13	6	0	1	1	.5	0
8	81	266	58	1	22	6	0	1	1	.5	0
8	81	267	31	1	13	5	0	1	1	.5	0
8	81	268	41	1	15	5	0	1	1	.5	0
8	81	269	62	1	17	6	0	1	1	.5	0
8	82	270	62	1	32	5	1	1	1	.5	0
8	82	271	24	1	13	5	1	1	1	.5	0
8	82	272	28	1	13	5	1	1	1	.5	0
8	82	273	58	1	20	5	1	1	1	.5	0
8	82	274	56	1	24	5	1	1	1	.5	0
8	82	275	50	1	21	4	1	1	1	.5	0
8	82	276	51	1	13	6	1	1	1	.5	0
8	82	277	24	1	8	6	1	1	1	.5	0
8	82	278	28	1	11	5	1	1	1	.5	0
8	82	279	43	1	14	5	1	1	1	.5	0
8	83	280	45	1	14	5	0	1	0	-.5	0
8	83	281	61	1	27	5	0	1	0	-.5	0
8	83	282	45	0	17	6	0	1	0	-.5	0
8	83	283	41	0	18	5	0	1	0	-.5	0
8	83	284	31	1	8	5	0	1	0	-.5	0
8	83	285	32	1	14	5	0	1	0	-.5	0
8	83	286	24	1	10	6	0	1	0	-.5	0
8	83	287	57	1	24	4	0	1	0	-.5	0
8	83	288	41	0	14	5	0	1	0	-.5	0
8	83	289	58	0	15	7	0	1	0	-.5	0
8	84	290	56	1	20	5	1	1	0	-.5	0
8	84	291	51	1	18	5	1	1	0	-.5	0
8	84	292	45	0	15	6	1	1	0	-.5	0
8	84	293	32	0	13	5	1	1	0	-.5	0
8	84	294	55	1	25	5	1	1	0	-.5	0
8	84	295	53	1	21	5	1	1	0	-.5	0
8	84	296	41	1	13	6	1	1	0	-.5	0
8	84	297	47	1	18	5	1	1	0	-.5	0
8	84	298	41	0	17	5	1	1	0	-.5	0
8	84	299	28	0	14	5	1	1	0	-.5	0
9	91	300	62	1	25	2	0	0	1	.5	-1
9	91	301	34	1	13	2	0	0	1	.5	-1
9	91	302	41	0	17	3	0	0	1	.5	-1
9	91	303	31	0	14	3	0	0	1	.5	-1
9	91	304	57	1	24	1	0	0	1	.5	-1
9	91	305	60	0	24	3	0	0	1	.5	-1
9	91	306	29	1	10	2	0	0	1	.5	-1
9	91	307	46	1	14	3	0	0	1	.5	-1
9	91	308	27	1	15	2	0	0	1	.5	-1
9	91	309	50	1	17	3	0	0	1	.5	-1
9	92	310	45	0	15	3	1	0	1	.5	-1
9	92	311	34	1	10	3	1	0	1	.5	-1
9	92	312	45	0	14	3	1	0	1	.5	-1
9	92	313	39	0	14	3	1	0	1	.5	-1
9	92	314	43	1	20	3	1	0	1	.5	-1
9	92	315	28	1	14	3	1	0	1	.5	-1
9	92	316	55	1	22	3	1	0	1	.5	-1
9	92	317	32	1	4	3	1	0	1	.5	-1
9	92	318	38	1	20	2	1	0	1	.5	-1
9	92	319	36	1	10	3	1	0	1	.5	-1
9	93	320	29	1	15	4	0	0	0	-.5	-1
9	93	321	48	1	18	5	0	0	0	-.5	-1
9	93	322	31	0	13	5	0	0	0	-.5	-1
9	93	323	37	1	15	4	0	0	0	-.5	-1
9	93	324	58	0	24	5	0	0	0	-.5	-1
9	93	325	31	1	17	4	0	0	0	-.5	-1
9	93	326	46	1	20	4	0	0	0	-.5	-1
9	93	327	60	1	20	5	0	0	0	-.5	-1
9	93	328	46	1	14	5	0	0	0	-.5	-1
9	93	329	57	0	22	5	0	0	0	-.5	-1
9	94	330	50	0	22	4	1	0	0	-.5	-1
9	94	331	64	0	25	5	1	0	0	-.5	-1
9	94	332	24	1	7	5	1	0	0	-.5	-1
9	94	333	37	1	17	5	1	0	0	-.5	-1
9	94	334	36	1	13	5	1	0	0	-.5	-1
9	94	335	58	1	20	4	1	0	0	-.5	-1
9	94	336	64	1	28	4	1	0	0	-.5	-1
9	94	337	34	1	17	4	1	0	0	-.5	-1
9	94	338	47	0	20	5	1	0	0	-.5	-1
9	94	339	43	1	20	4	1	0	0	-.5	-1
10	101	340	39	0	11	6	0	1	1	.5	0
10	101	341	43	1	14	5	0	1	1	.5	0
10	101	342	27	0	11	6	0	1	1	.5	0
10	101	343	27	1	13	5	0	1	1	.5	0
10	101	344	55	0	17	6	0	1	1	.5	0
10	101	345	61	0	24	5	0	1	1	.5	0
10	101	346	37	0	18	6	0	1	1	.5	0
10	101	347	36	1	20	4	0	1	1	.5	0
10	101	348	32	1	7	5	0	1	1	.5	0
10	101	349	47	0	20	5	0	1	1	.5	0
10	102	350	27	0	8	6	1	1	1	.5	0
10	102	351	42	0	21	5	1	1	1	.5	0
10	102	352	55	1	22	6	1	1	1	.5	0
10	102	353	45	1	20	5	1	1	1	.5	0
10	102	354	23	1	8	5	1	1	1	.5	0
10	102	355	58	1	20	6	1	1	1	.5	0
10	102	356	60	1	21	5	1	1	1	.5	0
10	102	357	58	1	20	5	1	1	1	.5	0
10	102	358	33	1	17	5	1	1	1	.5	0
10	102	359	50	1	15	5	1	1	1	.5	0
10	103	360	47	1	20	6	0	1	0	-.5	0
10	103	361	23	1	6	6	0	1	0	-.5	0
10	103	362	53	1	24	6	0	1	0	-.5	0
10	103	363	27	1	8	6	0	1	0	-.5	0
10	103	364	53	1	20	6	0	1	0	-.5	0
10	103	365	37	1	13	6	0	1	0	-.5	0
10	103	366	53	1	17	7	0	1	0	-.5	0
10	103	367	52	1	21	6	0	1	0	-.5	0
10	103	368	39	1	11	6	0	1	0	-.5	0
10	103	369	48	1	20	6	0	1	0	-.5	0
10	104	370	64	1	22	6	1	1	0	-.5	0
10	104	371	42	1	15	5	1	1	0	-.5	0
10	104	372	31	1	13	5	1	1	0	-.5	0
10	104	373	34	1	10	6	1	1	0	-.5	0
10	104	374	41	1	17	5	1	1	0	-.5	0
10	104	375	47	1	22	5	1	1	0	-.5	0
10	104	376	48	1	14	6	1	1	0	-.5	0
10	104	377	29	0	13	6	1	1	0	-.5	0
10	104	378	51	1	20	5	1	1	0	-.5	0
10	104	379	48	0	21	6	1	1	0	-.5	0
11	111	380	61	1	27	4	0	1	1	.5	0
11	111	381	23	1	6	4	0	1	1	.5	0
11	111	382	61	1	21	4	0	1	1	.5	0
11	111	383	50	0	24	5	0	1	1	.5	0
11	111	384	39	1	18	4	0	1	1	.5	0
11	111	385	37	0	17	4	0	1	1	.5	0
11	111	386	47	1	17	4	0	1	1	.5	0
11	111	387	24	0	13	4	0	1	1	.5	0
11	111	388	47	1	21	4	0	1	1	.5	0
11	111	389	23	0	13	4	0	1	1	.5	0
11	111	390	36	1	7	4	0	1	1	.5	0
11	112	391	41	1	15	5	1	1	1	.5	0
11	112	392	55	1	22	4	1	1	1	.5	0
11	112	393	56	1	25	4	1	1	1	.5	0
11	112	394	37	1	15	4	1	1	1	.5	0
11	112	395	39	0	13	5	1	1	1	.5	0
11	112	396	24	1	10	4	1	1	1	.5	0
11	112	397	56	1	21	5	1	1	1	.5	0
11	112	398	60	0	29	4	1	1	1	.5	0
11	112	399	42	1	18	4	1	1	1	.5	0
11	112	400	29	1	6	4	1	1	1	.5	0
11	112	401	39	1	8	4	1	1	1	.5	0
11	113	402	61	1	20	5	0	1	0	-.5	0
11	113	403	37	1	13	5	0	1	0	-.5	0
11	113	404	24	1	10	5	0	1	0	-.5	0
11	113	405	31	1	13	5	0	1	0	-.5	0
11	113	406	36	1	8	6	0	1	0	-.5	0
11	113	407	47	1	22	5	0	1	0	-.5	0
11	113	408	64	1	18	5	0	1	0	-.5	0
11	113	409	47	0	25	5	0	1	0	-.5	0
11	113	410	31	1	10	4	0	1	0	-.5	0
11	113	411	55	1	20	5	0	1	0	-.5	0
11	114	412	34	1	13	5	1	1	0	-.5	0
11	114	413	29	1	14	5	1	1	0	-.5	0
11	114	414	42	1	20	5	1	1	0	-.5	0
11	114	415	42	0	17	5	1	1	0	-.5	0
11	114	416	56	1	22	6	1	1	0	-.5	0
11	114	417	57	1	27	5	1	1	0	-.5	0
11	114	418	29	0	10	6	1	1	0	-.5	0
11	114	419	33	1	10	6	1	1	0	-.5	0
11	114	420	39	1	20	5	1	1	0	-.5	0
11	114	421	62	1	21	6	1	1	0	-.5	0
11	114	422	60	1	22	6	1	1	0	-.5	0
12	121	423	56	0	18	5	0	1	1	.5	0
12	121	424	47	1	18	4	0	1	1	.5	0
12	121	425	34	1	14	4	0	1	1	.5	0
12	121	426	39	1	20	3	0	1	1	.5	0
12	121	427	50	0	22	4	0	1	1	.5	0
12	121	428	38	1	17	3	0	1	1	.5	0
12	121	429	50	1	21	3	0	1	1	.5	0
12	121	430	25	1	10	4	0	1	1	.5	0
12	121	431	34	1	14	4	0	1	1	.5	0
12	121	432	39	1	20	4	0	1	1	.5	0
12	121	433	42	1	20	4	0	1	1	.5	0
12	121	434	42	1	17	4	0	1	1	.5	0
12	122	435	39	1	13	4	1	1	1	.5	0
12	122	436	56	1	21	4	1	1	1	.5	0
12	122	437	56	0	25	5	1	1	1	.5	0
12	122	438	31	0	11	5	1	1	1	.5	0
12	122	439	58	0	21	5	1	1	1	.5	0
12	122	440	43	1	20	4	1	1	1	.5	0
12	122	441	58	1	28	4	1	1	1	.5	0
12	122	442	37	0	14	5	1	1	1	.5	0
12	122	443	25	1	7	5	1	1	1	.5	0
12	122	444	57	1	25	4	1	1	1	.5	0
12	122	445	52	1	20	5	1	1	1	.5	0
12	122	446	36	1	15	4	1	1	1	.5	0
12	122	447	24	1	13	5	1	1	1	.5	0
12	123	448	42	1	20	5	0	1	0	-.5	0
12	123	449	60	0	27	5	0	1	0	-.5	0
12	123	450	56	1	22	5	0	1	0	-.5	0
12	123	451	55	0	24	6	0	1	0	-.5	0
12	123	452	31	1	11	6	0	1	0	-.5	0
12	123	453	32	1	17	5	0	1	0	-.5	0
12	123	454	42	1	13	6	0	1	0	-.5	0
12	123	455	32	1	14	5	0	1	0	-.5	0
12	123	456	32	0	10	6	0	1	0	-.5	0
12	123	457	57	0	28	5	0	1	0	-.5	0
12	123	458	61	1	27	5	0	1	0	-.5	0
12	123	459	41	1	20	6	0	1	0	-.5	0
12	123	460	46	1	18	5	0	1	0	-.5	0
12	124	461	51	0	21	6	1	1	0	-.5	0
12	124	462	31	1	7	6	1	1	0	-.5	0
12	124	463	56	1	22	6	1	1	0	-.5	0
12	124	464	42	1	20	5	1	1	0	-.5	0
12	124	465	45	0	14	7	1	1	0	-.5	0
12	124	466	39	1	17	5	1	1	0	-.5	0
12	124	467	46	1	18	6	1	1	0	-.5	0
12	124	468	36	1	8	6	1	1	0	-.5	0
12	124	469	42	0	15	6	1	1	0	-.5	0
12	124	470	41	0	13	6	1	1	0	-.5	0
12	124	471	37	1	13	6	1	1	0	-.5	0
12	124	472	52	0	27	6	1	1	0	-.5	0
12	124	473	42	0	22	6	1	1	0	-.5	0
13	131	474	57	1	22	4	0	0	1	.5	-1
13	131	475	62	1	27	3	0	0	1	.5	-1
13	131	476	32	1	11	3	0	0	1	.5	-1
13	131	477	56	1	20	3	0	0	1	.5	-1
13	131	478	48	1	24	4	0	0	1	.5	-1
13	131	479	33	1	20	3	0	0	1	.5	-1
13	131	480	34	1	15	3	0	0	1	.5	-1
13	131	481	61	1	21	4	0	0	1	.5	-1
13	131	482	24	0	6	4	0	0	1	.5	-1
13	131	483	31	1	13	4	0	0	1	.5	-1
13	131	484	46	0	13	4	0	0	1	.5	-1
13	131	485	27	1	4	5	0	0	1	.5	-1
13	131	486	42	1	17	4	0	0	1	.5	-1
13	132	487	62	1	24	3	1	0	1	.5	-1
13	132	488	57	0	25	4	1	0	1	.5	-1
13	132	489	31	1	15	3	1	0	1	.5	-1
13	132	490	34	1	13	4	1	0	1	.5	-1
13	132	491	57	1	21	3	1	0	1	.5	-1
13	132	492	53	1	17	3	1	0	1	.5	-1
13	132	493	47	1	20	4	1	0	1	.5	-1
13	132	494	34	1	18	3	1	0	1	.5	-1
13	132	495	47	1	15	4	1	0	1	.5	-1
13	132	496	31	1	11	4	1	0	1	.5	-1
13	132	497	25	0	10	5	1	0	1	.5	-1
13	132	498	57	1	21	4	1	0	1	.5	-1
13	132	499	47	1	14	4	1	0	1	.5	-1
13	133	500	61	1	21	5	0	0	0	-.5	-1
13	133	501	27	0	10	6	0	0	0	-.5	-1
13	133	502	53	0	24	6	0	0	0	-.5	-1
13	133	503	34	1	10	6	0	0	0	-.5	-1
13	133	504	64	1	22	4	0	0	0	-.5	-1
13	133	505	34	1	11	5	0	0	0	-.5	-1
13	133	506	55	1	21	5	0	0	0	-.5	-1
13	133	507	43	1	18	5	0	0	0	-.5	-1
13	133	508	29	1	15	4	0	0	0	-.5	-1
13	133	509	45	1	17	5	0	0	0	-.5	-1
13	133	510	27	1	11	5	0	0	0	-.5	-1
13	133	511	47	1	17	5	0	0	0	-.5	-1
13	133	512	58	1	22	6	0	0	0	-.5	-1
13	134	513	45	1	15	5	1	0	0	-.5	-1
13	134	514	64	1	25	4	1	0	0	-.5	-1
13	134	515	55	1	17	5	1	0	0	-.5	-1
13	134	516	32	1	14	5	1	0	0	-.5	-1
13	134	517	29	1	8	5	1	0	0	-.5	-1
13	134	518	29	1	13	5	1	0	0	-.5	-1
13	134	519	48	0	11	6	1	0	0	-.5	-1
13	134	520	45	1	22	5	1	0	0	-.5	-1
13	134	521	43	1	24	5	1	0	0	-.5	-1
13	134	522	23	0	10	6	1	0	0	-.5	-1
13	134	523	60	1	25	5	1	0	0	-.5	-1
13	134	524	39	1	21	5	1	0	0	-.5	-1
13	134	525	45	1	13	6	1	0	0	-.5	-1
14	141	526	36	1	10	3	0	0	1	.5	-1
14	141	527	45	1	20	4	0	0	1	.5	-1
14	141	528	36	1	8	4	0	0	1	.5	-1
14	141	529	42	0	10	5	0	0	1	.5	-1
14	141	530	37	1	20	3	0	0	1	.5	-1
14	141	531	41	0	15	4	0	0	1	.5	-1
14	141	532	64	0	25	4	0	0	1	.5	-1
14	141	533	58	1	25	3	0	0	1	.5	-1
14	141	534	62	1	28	4	0	0	1	.5	-1
14	141	535	32	1	7	4	0	0	1	.5	-1
14	141	536	33	1	10	4	0	0	1	.5	-1
14	141	537	25	0	6	4	0	0	1	.5	-1
14	141	538	60	1	20	3	0	0	1	.5	-1
14	142	539	38	0	13	5	1	0	1	.5	-1
14	142	540	48	0	21	5	1	0	1	.5	-1
14	142	541	45	1	20	3	1	0	1	.5	-1
14	142	542	56	1	20	4	1	0	1	.5	-1
14	142	543	46	1	20	4	1	0	1	.5	-1
14	142	544	45	0	18	4	1	0	1	.5	-1
14	142	545	37	1	14	4	1	0	1	.5	-1
14	142	546	57	0	20	5	1	0	1	.5	-1
14	142	547	62	0	27	4	1	0	1	.5	-1
14	142	548	24	1	14	4	1	0	1	.5	-1
14	142	549	61	0	22	4	1	0	1	.5	-1
14	142	550	51	0	15	5	1	0	1	.5	-1
14	142	551	33	1	8	4	1	0	1	.5	-1
14	143	552	60	1	31	4	0	0	0	-.5	-1
14	143	553	36	0	11	6	0	0	0	-.5	-1
14	143	554	52	0	21	5	0	0	0	-.5	-1
14	143	555	56	1	29	5	0	0	0	-.5	-1
14	143	556	46	0	18	5	0	0	0	-.5	-1
14	143	557	50	1	21	5	0	0	0	-.5	-1
14	143	558	32	1	20	4	0	0	0	-.5	-1
14	143	559	45	0	11	6	0	0	0	-.5	-1
14	143	560	28	1	13	5	0	0	0	-.5	-1
14	143	561	51	1	20	5	0	0	0	-.5	-1
14	143	562	38	1	18	5	0	0	0	-.5	-1
14	143	563	55	0	22	5	0	0	0	-.5	-1
14	144	564	45	1	24	5	1	0	0	-.5	-1
14	144	565	32	1	17	5	1	0	0	-.5	-1
14	144	566	43	1	13	5	1	0	0	-.5	-1
14	144	567	24	0	11	5	1	0	0	-.5	-1
14	144	568	47	1	17	5	1	0	0	-.5	-1
14	144	569	47	1	21	5	1	0	0	-.5	-1
14	144	570	45	0	17	5	1	0	0	-.5	-1
14	144	571	52	1	28	4	1	0	0	-.5	-1
14	144	572	45	1	20	5	1	0	0	-.5	-1
14	144	573	62	1	28	5	1	0	0	-.5	-1
14	144	574	48	1	22	6	1	0	0	-.5	-1
14	144	575	50	1	15	5	1	0	0	-.5	-1
15	151	576	46	1	17	4	0	1	1	.5	0
15	151	577	61	0	28	5	0	1	1	.5	0
15	151	578	58	1	28	4	0	1	1	.5	0
15	151	579	51	1	24	3	0	1	1	.5	0
15	151	580	33	0	17	5	0	1	1	.5	0
15	151	581	24	1	13	4	0	1	1	.5	0
15	151	582	60	1	27	4	0	1	1	.5	0
15	151	583	43	1	11	4	0	1	1	.5	0
15	151	584	57	1	22	4	0	1	1	.5	0
15	151	585	33	1	15	4	0	1	1	.5	0
15	151	586	62	1	36	3	0	1	1	.5	0
15	151	587	61	0	29	4	0	1	1	.5	0
15	151	588	47	1	18	4	0	1	1	.5	0
15	152	589	60	0	22	6	1	1	1	.5	0
15	152	590	27	1	17	5	1	1	1	.5	0
15	152	591	24	1	6	6	1	1	1	.5	0
15	152	592	31	1	20	6	1	1	1	.5	0
15	152	593	55	1	25	5	1	1	1	.5	0
15	152	594	53	1	20	6	1	1	1	.5	0
15	152	595	23	1	6	6	1	1	1	.5	0
15	152	596	25	1	15	6	1	1	1	.5	0
15	152	597	27	1	8	6	1	1	1	.5	0
15	152	598	45	1	22	5	1	1	1	.5	0
15	152	599	52	1	25	5	1	1	1	.5	0
15	153	600	25	1	8	5	0	1	0	-.5	0
15	153	601	37	1	14	6	0	1	0	-.5	0
15	153	602	50	1	21	6	0	1	0	-.5	0
15	153	603	41	1	11	6	0	1	0	-.5	0
15	153	604	28	1	6	5	0	1	0	-.5	0
15	153	605	50	1	17	6	0	1	0	-.5	0
15	153	606	52	1	25	5	0	1	0	-.5	0
15	153	607	23	1	6	5	0	1	0	-.5	0
15	153	608	28	1	4	5	0	1	0	-.5	0
15	153	609	24	0	10	5	0	1	0	-.5	0
15	153	610	37	1	10	5	0	1	0	-.5	0
15	154	611	56	1	27	5	1	1	0	-.5	0
15	154	612	58	1	22	7	1	1	0	-.5	0
15	154	613	36	0	18	6	1	1	0	-.5	0
15	154	614	58	0	24	7	1	1	0	-.5	0
15	154	615	41	1	14	6	1	1	0	-.5	0
15	154	616	51	1	18	6	1	1	0	-.5	0
15	154	617	34	0	18	6	1	1	0	-.5	0
15	154	618	58	0	24	6	1	1	0	-.5	0
15	154	619	37	1	17	6	1	1	0	-.5	0
15	154	620	25	1	11	6	1	1	0	-.5	0
15	154	621	45	1	18	5	1	1	0	-.5	0
16	161	622	58	0	22	4	0	0	1	.5	-1
16	161	623	28	0	6	5	0	0	1	.5	-1
16	161	624	43	1	20	4	0	0	1	.5	-1
16	161	625	38	1	18	4	0	0	1	.5	-1
16	161	626	38	0	18	5	0	0	1	.5	-1
16	161	627	37	1	10	5	0	0	1	.5	-1
16	161	628	61	1	20	4	0	0	1	.5	-1
16	161	629	64	1	28	4	0	0	1	.5	-1
16	161	630	47	1	17	4	0	0	1	.5	-1
16	161	631	39	1	18	3	0	0	1	.5	-1
16	161	632	45	1	13	5	0	0	1	.5	-1
16	162	633	34	1	10	5	1	0	1	.5	-1
16	162	634	34	1	13	5	1	0	1	.5	-1
16	162	635	52	1	21	6	1	0	1	.5	-1
16	162	636	33	0	15	5	1	0	1	.5	-1
16	162	637	50	1	21	5	1	0	1	.5	-1
16	162	638	45	1	13	4	1	0	1	.5	-1
16	162	639	31	1	10	5	1	0	1	.5	-1
16	162	640	53	1	17	5	1	0	1	.5	-1
16	162	641	28	0	7	5	1	0	1	.5	-1
16	162	642	50	1	17	5	1	0	1	.5	-1
16	162	643	58	1	21	5	1	0	1	.5	-1
16	163	644	39	1	13	6	0	0	0	-.5	-1
16	163	645	42	1	24	5	0	0	0	-.5	-1
16	163	646	28	1	18	6	0	0	0	-.5	-1
16	163	647	43	0	18	6	0	0	0	-.5	-1
16	163	648	64	1	27	5	0	0	0	-.5	-1
16	163	649	47	0	25	6	0	0	0	-.5	-1
16	163	650	29	1	6	6	0	0	0	-.5	-1
16	163	651	56	1	29	6	0	0	0	-.5	-1
16	163	652	23	1	3	7	0	0	0	-.5	-1
16	164	653	28	1	10	5	1	0	0	-.5	-1
16	164	654	43	1	18	5	1	0	0	-.5	-1
16	164	655	60	1	25	5	1	0	0	-.5	-1
16	164	656	62	0	20	6	1	0	0	-.5	-1
16	164	657	34	1	15	5	1	0	0	-.5	-1
16	164	658	36	1	11	6	1	0	0	-.5	-1
16	164	659	51	1	22	6	1	0	0	-.5	-1
16	164	660	53	0	24	6	1	0	0	-.5	-1
16	164	661	58	1	25	6	1	0	0	-.5	-1
17	171	662	57	1	18	5	0	1	1	.5	0
17	171	663	23	1	10	5	0	1	1	.5	0
17	171	664	23	0	6	6	0	1	1	.5	0
17	171	665	36	1	8	5	0	1	1	.5	0
17	171	666	39	0	20	5	0	1	1	.5	0
17	171	667	33	1	17	5	0	1	1	.5	0
17	171	668	45	1	13	5	0	1	1	.5	0
17	171	669	50	1	17	5	0	1	1	.5	0
17	171	670	34	1	17	4	0	1	1	.5	0
17	172	671	64	0	28	5	1	1	1	.5	0
17	172	672	31	1	6	5	1	1	1	.5	0
17	172	673	61	1	27	5	1	1	1	.5	0
17	172	674	48	1	15	5	1	1	1	.5	0
17	172	675	34	0	17	5	1	1	1	.5	0
17	172	676	58	1	25	5	1	1	1	.5	0
17	172	677	42	1	15	5	1	1	1	.5	0
17	172	678	51	0	18	5	1	1	1	.5	0
17	172	679	28	0	13	6	1	1	1	.5	0
17	173	680	64	1	22	5	0	1	0	-.5	0
17	173	681	58	1	22	4	0	1	0	-.5	0
17	173	682	37	0	20	5	0	1	0	-.5	0
17	173	683	43	1	15	4	0	1	0	-.5	0
17	173	684	33	1	13	5	0	1	0	-.5	0
17	173	685	62	1	24	5	0	1	0	-.5	0
17	173	686	39	1	17	4	0	1	0	-.5	0
17	173	687	55	0	21	5	0	1	0	-.5	0
17	173	688	43	1	20	5	0	1	0	-.5	0
17	174	689	61	0	25	5	1	1	0	-.5	0
17	174	690	52	0	20	6	1	1	0	-.5	0
17	174	691	45	1	20	5	1	1	0	-.5	0
17	174	692	57	1	21	5	1	1	0	-.5	0
17	174	693	32	1	14	5	1	1	0	-.5	0
17	174	694	32	1	14	5	1	1	0	-.5	0
17	174	695	34	1	15	5	1	1	0	-.5	0
17	174	696	32	1	10	4	1	1	0	-.5	0
17	174	697	56	1	24	4	1	1	0	-.5	0
18	181	698	57	1	15	5	0	0	1	.5	-1
18	181	699	61	1	29	3	0	0	1	.5	-1
18	181	700	23	1	10	4	0	0	1	.5	-1
18	181	701	24	1	10	4	0	0	1	.5	-1
18	181	702	42	0	14	4	0	0	1	.5	-1
18	181	703	24	1	8	5	0	0	1	.5	-1
18	181	704	57	1	28	3	0	0	1	.5	-1
18	181	705	27	1	10	4	0	0	1	.5	-1
18	181	706	51	1	20	4	0	0	1	.5	-1
18	182	707	58	1	20	4	1	0	1	.5	-1
18	182	708	29	1	13	4	1	0	1	.5	-1
18	182	709	42	1	14	4	1	0	1	.5	-1
18	182	710	43	1	14	4	1	0	1	.5	-1
18	182	711	32	1	15	4	1	0	1	.5	-1
18	182	712	51	1	22	4	1	0	1	.5	-1
18	182	713	47	1	21	4	1	0	1	.5	-1
18	182	714	62	1	20	4	1	0	1	.5	-1
18	182	715	61	0	24	5	1	0	1	.5	-1
18	182	716	47	1	20	4	1	0	1	.5	-1
18	183	717	37	1	17	6	0	0	0	-.5	-1
18	183	718	23	0	7	6	0	0	0	-.5	-1
18	183	719	27	1	13	4	0	0	0	-.5	-1
18	183	720	55	1	24	5	0	0	0	-.5	-1
18	183	721	25	1	8	6	0	0	0	-.5	-1
18	183	722	43	1	15	6	0	0	0	-.5	-1
18	183	723	52	1	14	5	0	0	0	-.5	-1
18	183	724	25	0	8	6	0	0	0	-.5	-1
18	183	725	50	1	15	5	0	0	0	-.5	-1
18	183	726	50	0	14	6	0	0	0	-.5	-1
18	184	727	58	1	22	5	1	0	0	-.5	-1
18	184	728	34	0	7	6	1	0	0	-.5	-1
18	184	729	43	0	18	6	1	0	0	-.5	-1
18	184	730	46	1	18	6	1	0	0	-.5	-1
18	184	731	42	1	15	5	1	0	0	-.5	-1
18	184	732	51	1	24	5	1	0	0	-.5	-1
18	184	733	46	1	15	6	1	0	0	-.5	-1
18	184	734	25	1	13	6	1	0	0	-.5	-1
18	184	735	29	1	17	5	1	0	0	-.5	-1
18	184	736	48	1	17	6	1	0	0	-.5	-1
19	191	737	53	1	20	6	0	2	1	.5	1
19	191	738	29	1	8	6	0	2	1	.5	1
19	191	739	51	1	20	5	0	2	1	.5	1
19	191	740	62	1	27	6	0	2	1	.5	1
19	191	741	29	1	13	6	0	2	1	.5	1
19	191	742	46	1	17	6	0	2	1	.5	1
19	191	743	48	0	18	7	0	2	1	.5	1
19	191	744	37	1	15	5	0	2	1	.5	1
19	191	745	25	1	10	5	0	2	1	.5	1
19	191	746	38	0	17	5	0	2	1	.5	1
19	192	747	24	1	11	5	1	2	1	.5	1
19	192	748	27	1	14	5	1	2	1	.5	1
19	192	749	45	0	15	6	1	2	1	.5	1
19	192	750	41	1	14	6	1	2	1	.5	1
19	192	751	38	1	17	5	1	2	1	.5	1
19	192	752	57	0	21	6	1	2	1	.5	1
19	192	753	45	1	15	5	1	2	1	.5	1
19	192	754	57	1	22	5	1	2	1	.5	1
19	192	755	25	1	1	7	1	2	1	.5	1
19	192	756	43	1	10	6	1	2	1	.5	1
19	193	757	45	0	15	7	0	2	0	-.5	1
19	193	758	38	1	17	5	0	2	0	-.5	1
19	193	759	46	1	13	6	0	2	0	-.5	1
19	193	760	46	1	18	6	0	2	0	-.5	1
19	193	761	41	1	21	6	0	2	0	-.5	1
19	193	762	45	1	17	6	0	2	0	-.5	1
19	193	763	37	0	22	6	0	2	0	-.5	1
19	193	764	53	1	27	6	0	2	0	-.5	1
19	193	765	39	1	14	6	0	2	0	-.5	1
19	193	766	51	1	20	5	0	2	0	-.5	1
19	194	767	32	1	11	6	1	2	0	-.5	1
19	194	768	25	1	11	5	1	2	0	-.5	1
19	194	769	23	0	8	6	1	2	0	-.5	1
19	194	770	41	1	15	6	1	2	0	-.5	1
19	194	771	55	0	24	6	1	2	0	-.5	1
19	194	772	24	0	14	6	1	2	0	-.5	1
19	194	773	55	1	20	5	1	2	0	-.5	1
19	194	774	50	1	18	5	1	2	0	-.5	1
19	194	775	62	1	24	6	1	2	0	-.5	1
19	194	776	46	0	17	6	1	2	0	-.5	1
20	201	777	48	0	20	4	0	0	1	.5	-1
20	201	778	53	1	18	4	0	0	1	.5	-1
20	201	779	56	0	28	4	0	0	1	.5	-1
20	201	780	46	1	24	4	0	0	1	.5	-1
20	201	781	56	0	21	4	0	0	1	.5	-1
20	201	782	29	1	17	4	0	0	1	.5	-1
20	201	783	36	1	8	4	0	0	1	.5	-1
20	201	784	31	0	10	4	0	0	1	.5	-1
20	201	785	53	1	27	4	0	0	1	.5	-1
20	201	786	52	1	20	4	0	0	1	.5	-1
20	202	787	47	1	25	4	1	0	1	.5	-1
20	202	788	56	1	22	4	1	0	1	.5	-1
20	202	789	25	1	7	4	1	0	1	.5	-1
20	202	790	56	0	25	5	1	0	1	.5	-1
20	202	791	61	1	20	5	1	0	1	.5	-1
20	202	792	64	0	24	5	1	0	1	.5	-1
20	202	793	41	1	20	5	1	0	1	.5	-1
20	202	794	56	1	21	4	1	0	1	.5	-1
20	202	795	37	1	17	4	1	0	1	.5	-1
20	202	796	36	1	15	4	1	0	1	.5	-1
20	203	797	41	0	15	7	0	0	0	-.5	-1
20	203	798	25	1	3	7	0	0	0	-.5	-1
20	203	799	62	1	32	6	0	0	0	-.5	-1
20	203	800	27	1	10	6	0	0	0	-.5	-1
20	203	801	29	0	15	6	0	0	0	-.5	-1
20	203	802	36	0	15	7	0	0	0	-.5	-1
20	203	803	58	1	22	6	0	0	0	-.5	-1
20	203	804	46	1	13	7	0	0	0	-.5	-1
20	203	805	37	1	14	6	0	0	0	-.5	-1
20	203	806	32	1	15	6	0	0	0	-.5	-1
20	204	807	64	1	27	6	1	0	0	-.5	-1
20	204	808	52	1	24	6	1	0	0	-.5	-1
20	204	809	31	0	8	7	1	0	0	-.5	-1
20	204	810	52	0	17	7	1	0	0	-.5	-1
20	204	811	47	1	21	6	1	0	0	-.5	-1
20	204	812	39	0	17	6	1	0	0	-.5	-1
20	204	813	45	0	15	7	1	0	0	-.5	-1
20	204	814	53	1	17	6	1	0	0	-.5	-1
20	204	815	51	1	21	6	1	0	0	-.5	-1
20	204	816	50	1	28	5	1	0	0	-.5	-1
21	211	817	34	0	14	3	0	0	1	.5	-1
21	211	818	48	1	18	3	0	0	1	.5	-1
21	211	819	32	1	8	3	0	0	1	.5	-1
21	211	820	38	1	17	2	0	0	1	.5	-1
21	211	821	34	0	15	3	0	0	1	.5	-1
21	211	822	62	1	29	2	0	0	1	.5	-1
21	211	823	31	1	14	2	0	0	1	.5	-1
21	211	824	50	1	20	2	0	0	1	.5	-1
21	211	825	47	1	15	3	0	0	1	.5	-1
21	211	826	27	0	10	3	0	0	1	.5	-1
21	212	827	61	1	18	3	1	0	1	.5	-1
21	212	828	48	1	25	2	1	0	1	.5	-1
21	212	829	64	1	24	3	1	0	1	.5	-1
21	212	830	28	1	13	4	1	0	1	.5	-1
21	212	831	36	1	8	4	1	0	1	.5	-1
21	212	832	51	1	21	4	1	0	1	.5	-1
21	212	833	55	1	22	3	1	0	1	.5	-1
21	212	834	31	1	17	3	1	0	1	.5	-1
21	212	835	28	1	6	3	1	0	1	.5	-1
21	212	836	33	0	4	4	1	0	1	.5	-1
21	213	837	38	1	18	5	0	0	0	-.5	-1
21	213	838	45	1	21	4	0	0	0	-.5	-1
21	213	839	28	0	10	6	0	0	0	-.5	-1
21	213	840	38	1	18	4	0	0	0	-.5	-1
21	213	841	46	0	22	4	0	0	0	-.5	-1
21	213	842	57	1	25	4	0	0	0	-.5	-1
21	213	843	42	1	20	4	0	0	0	-.5	-1
21	213	844	31	0	13	5	0	0	0	-.5	-1
21	213	845	37	1	14	5	0	0	0	-.5	-1
21	213	846	57	0	22	5	0	0	0	-.5	-1
21	214	847	42	1	22	3	1	0	0	-.5	-1
21	214	848	42	0	14	5	1	0	0	-.5	-1
21	214	849	60	1	24	5	1	0	0	-.5	-1
21	214	850	33	1	18	5	1	0	0	-.5	-1
21	214	851	48	1	18	5	1	0	0	-.5	-1
21	214	852	24	1	11	4	1	0	0	-.5	-1
21	214	853	37	0	17	5	1	0	0	-.5	-1
21	214	854	37	1	13	5	1	0	0	-.5	-1
21	214	855	28	1	8	4	1	0	0	-.5	-1
21	214	856	34	1	15	5	1	0	0	-.5	-1
22	221	857	33	0	14	6	0	1	1	.5	0
22	221	858	50	0	24	6	0	1	1	.5	0
22	221	859	31	1	14	5	0	1	1	.5	0
22	221	860	29	1	15	6	0	1	1	.5	0
22	221	861	61	1	24	6	0	1	1	.5	0
22	221	862	58	1	24	5	0	1	1	.5	0
22	221	863	48	1	17	5	0	1	1	.5	0
22	221	864	25	1	11	6	0	1	1	.5	0
22	221	865	34	1	17	5	0	1	1	.5	0
22	222	866	27	1	10	5	1	1	1	.5	0
22	222	867	23	1	6	5	1	1	1	.5	0
22	222	868	58	1	21	6	1	1	1	.5	0
22	222	869	48	1	21	5	1	1	1	.5	0
22	222	870	50	1	18	6	1	1	1	.5	0
22	222	871	45	0	15	5	1	1	1	.5	0
22	222	872	51	1	18	5	1	1	1	.5	0
22	222	873	53	0	27	5	1	1	1	.5	0
22	222	874	25	1	13	5	1	1	1	.5	0
22	223	875	50	0	24	5	0	1	0	-.5	0
22	223	876	29	0	11	6	0	1	0	-.5	0
22	223	877	64	0	27	5	0	1	0	-.5	0
22	223	878	36	1	13	6	0	1	0	-.5	0
22	223	879	56	1	28	4	0	1	0	-.5	0
22	223	880	34	0	18	6	0	1	0	-.5	0
22	223	881	61	1	28	5	0	1	0	-.5	0
22	223	882	34	0	15	5	0	1	0	-.5	0
22	223	883	58	0	29	5	0	1	0	-.5	0
22	224	884	60	1	22	6	1	1	0	-.5	0
22	224	885	39	1	20	5	1	1	0	-.5	0
22	224	886	24	1	13	5	1	1	0	-.5	0
22	224	887	34	1	14	5	1	1	0	-.5	0
22	224	888	48	1	22	5	1	1	0	-.5	0
22	224	889	28	0	13	6	1	1	0	-.5	0
22	224	890	34	1	10	6	1	1	0	-.5	0
22	224	891	42	0	18	6	1	1	0	-.5	0
22	224	892	46	1	15	6	1	1	0	-.5	0
23	231	893	38	1	15	6	0	2	1	.5	1
23	231	894	31	0	11	7	0	2	1	.5	1
23	231	895	24	1	8	6	0	2	1	.5	1
23	231	896	56	0	27	7	0	2	1	.5	1
23	231	897	23	1	6	7	0	2	1	.5	1
23	231	898	50	0	20	7	0	2	1	.5	1
23	231	899	27	1	6	7	0	2	1	.5	1
23	231	900	60	0	18	7	0	2	1	.5	1
23	231	901	23	1	7	6	0	2	1	.5	1
23	232	902	25	1	7	6	1	2	1	.5	1
23	232	903	24	1	11	5	1	2	1	.5	1
23	232	904	37	0	15	6	1	2	1	.5	1
23	232	905	56	1	18	6	1	2	1	.5	1
23	232	906	42	1	17	5	1	2	1	.5	1
23	232	907	39	0	17	6	1	2	1	.5	1
23	232	908	29	0	18	6	1	2	1	.5	1
23	232	909	64	1	28	5	1	2	1	.5	1
23	232	910	50	1	20	6	1	2	1	.5	1
23	233	911	36	1	13	6	0	2	0	-.5	1
23	233	912	46	0	20	6	0	2	0	-.5	1
23	233	913	56	1	20	6	0	2	0	-.5	1
23	233	914	31	0	13	6	0	2	0	-.5	1
23	233	915	56	1	27	5	0	2	0	-.5	1
23	233	916	64	0	38	5	0	2	0	-.5	1
23	233	917	47	0	24	6	0	2	0	-.5	1
23	233	918	32	1	13	6	0	2	0	-.5	1
23	233	919	41	1	15	6	0	2	0	-.5	1
23	234	920	41	1	13	5	1	2	0	-.5	1
23	234	921	34	0	14	5	1	2	0	-.5	1
23	234	922	37	1	13	5	1	2	0	-.5	1
23	234	923	48	1	20	5	1	2	0	-.5	1
23	234	924	62	0	25	6	1	2	0	-.5	1
23	234	925	38	1	11	5	1	2	0	-.5	1
23	234	926	24	1	14	5	1	2	0	-.5	1
23	234	927	25	1	1	5	1	2	0	-.5	1
23	234	928	36	1	20	4	1	2	0	-.5	1
24	241	929	23	1	15	4	0	0	1	.5	-1
24	241	930	24	1	6	4	0	0	1	.5	-1
24	241	931	60	1	20	4	0	0	1	.5	-1
24	241	932	41	1	20	3	0	0	1	.5	-1
24	241	933	28	1	10	4	0	0	1	.5	-1
24	241	934	58	0	24	4	0	0	1	.5	-1
24	241	935	24	1	8	4	0	0	1	.5	-1
24	241	936	34	1	13	4	0	0	1	.5	-1
24	241	937	33	1	20	3	0	0	1	.5	-1
24	242	938	55	1	24	5	1	0	1	.5	-1
24	242	939	43	0	20	5	1	0	1	.5	-1
24	242	940	57	0	21	6	1	0	1	.5	-1
24	242	941	31	1	11	5	1	0	1	.5	-1
24	242	942	23	0	7	5	1	0	1	.5	-1
24	242	943	37	1	17	5	1	0	1	.5	-1
24	242	944	55	0	25	5	1	0	1	.5	-1
24	242	945	58	1	22	5	1	0	1	.5	-1
24	242	946	55	0	24	6	1	0	1	.5	-1
24	243	947	47	0	15	6	0	0	0	-.5	-1
24	243	948	47	1	7	6	0	0	0	-.5	-1
24	243	949	28	1	10	6	0	0	0	-.5	-1
24	243	950	33	1	10	6	0	0	0	-.5	-1
24	243	951	32	0	17	6	0	0	0	-.5	-1
24	243	952	52	1	21	6	0	0	0	-.5	-1
24	243	953	34	1	10	6	0	0	0	-.5	-1
24	243	954	56	0	21	6	0	0	0	-.5	-1
24	243	955	42	1	18	6	0	0	0	-.5	-1
24	244	956	29	1	18	5	1	0	0	-.5	-1
24	244	957	28	1	14	6	1	0	0	-.5	-1
24	244	958	55	1	20	6	1	0	0	-.5	-1
24	244	959	37	1	15	5	1	0	0	-.5	-1
24	244	960	47	1	17	6	1	0	0	-.5	-1
24	244	961	48	1	18	6	1	0	0	-.5	-1
24	244	962	31	1	15	5	1	0	0	-.5	-1
24	244	963	25	1	8	6	1	0	0	-.5	-1
24	244	964	47	1	18	6	1	0	0	-.5	-1
25	251	965	51	1	21	5	0	1	1	.5	0
25	251	966	34	0	10	6	0	1	1	.5	0
25	251	967	62	1	27	5	0	1	1	.5	0
25	251	968	39	0	14	6	0	1	1	.5	0
25	251	969	46	1	17	5	0	1	1	.5	0
25	251	970	38	1	18	6	0	1	1	.5	0
25	251	971	36	1	13	5	0	1	1	.5	0
25	251	972	25	1	10	6	0	1	1	.5	0
25	251	973	42	1	14	5	0	1	1	.5	0
25	252	974	36	0	11	5	1	1	1	.5	0
25	252	975	32	0	15	5	1	1	1	.5	0
25	252	976	42	1	15	6	1	1	1	.5	0
25	252	977	36	1	15	6	1	1	1	.5	0
25	252	978	51	1	21	5	1	1	1	.5	0
25	252	979	52	1	22	5	1	1	1	.5	0
25	252	980	31	0	6	7	1	1	1	.5	0
25	252	981	25	0	14	5	1	1	1	.5	0
25	252	982	41	1	20	5	1	1	1	.5	0
25	253	983	29	1	17	5	0	1	0	-.5	0
25	253	984	23	1	8	6	0	1	0	-.5	0
25	253	985	23	0	15	6	0	1	0	-.5	0
25	253	986	38	1	17	5	0	1	0	-.5	0
25	253	987	28	0	8	6	0	1	0	-.5	0
25	253	988	62	0	25	6	0	1	0	-.5	0
25	253	989	45	1	15	6	0	1	0	-.5	0
25	253	990	60	0	21	7	0	1	0	-.5	0
25	253	991	34	1	7	6	0	1	0	-.5	0
25	254	992	41	1	15	6	1	1	0	-.5	0
25	254	993	27	1	11	5	1	1	0	-.5	0
25	254	994	39	0	15	7	1	1	0	-.5	0
25	254	995	33	1	8	6	1	1	0	-.5	0
25	254	996	56	1	14	6	1	1	0	-.5	0
25	254	997	29	1	10	6	1	1	0	-.5	0
25	254	998	32	0	11	6	1	1	0	-.5	0
25	254	999	34	0	14	6	1	1	0	-.5	0
25	254	1000	58	1	22	6	1	1	0	-.5	0
